9049
3019
9202
1952
3420
4868
577
137
558
6579
4624
3991
3263
4365
352
338
1520
6881
5334
6506
2530
7218
6816
2776
1744
7922
9190
9026
393
9868
8939
6507
9637
8574
4306
8629
3769
4226
1245
4755
2741
5767
6656
2576
6378
817
5700
6614
8217
41
9400
3836
679
9090
4754
1183
8124
6250
1699
4459
7419
6568
3465
1974
332
5385
6670
6953
2613
2001
1693
7692
9351
7824
5925
4301
5876
8690
469
1181
7903
6419
423
8343
8748
9166
1562
1309
6374
2512
488
3377
1455
3469
6550
1213
8178
5854
3050
9936
1972
4454
886
3222
9577
3344
3250
5554
1219
711
5960
6699
7094
7393
8617
4336
4455
5993
3869
9128
7794
8887
1016
4106
8154
5855
4520
3942
7467
5379
218
2367
7483
2821
4444
2006
143
5852
5805
5428
7515
2946
2817
1843
7793
4281
7857
6186
155
5880
5807
2227
1171
2630
9302
5658
7231
1105
7952
6484
4826
602
3266
665
2397
33
4450
720
7085
2921
841
4822
2350
3976
2515
3211
5766
1198
8258
2697
8604
3327
5666
1953
9806
5902
8536
932
2562
8135
9700
4827
9652
1465
6966
243
8111
8367
301
4120
6439
7546
8873
8445
2850
253
8050
582
215
52
7314
2722
2766
2097
733
7144
4839
9620
6177
5612
711
9607
3576
9246
3213
9123
4026
2752
5747
9587
2976
3938
6352
4435
979
3164
6538
2308
9987
6295
5193
9487
6004
632
166
9955
226
1002
6322
1229
8661
6087
9587
6579
5919
3955
9449
7789
1810
1781
6159
4000
8464
9266
2701
2904
2842
5608
2427
7970
6985
6100
6063
6899
7243
4800
343
4856
8309
6732
1411
1884
1192
4824
3769
7695
7022
76
9980
7721
4195
4917
3815
5915
1216
2012
722
4685
5618
707
6855
4666
9113
3295
5807
1573
9181
7821
2390
3046
2379
1987
1373
276
8781
7604
9022
1761
8952
9998
7977
3213
4591
1300
8973
5992
149
3843
147
1991
1791
5844
6724
7793
8343
9757
2859
7367
3533
4212
8165
495
7896
2753
9237
7756
6842
9022
8884
2011
5122
1405
1781
6187
1403
1207
7399
9050
3858
2669
819
8729
8661
2284
6662
8171
9942
4722
5016
2879
1599
2679
6666
7879
2015
1595
4495
5493
2210
2682
2337
8497
8959
926
1028
8441
59
9233
2952
9030
268
8844
9112
9142
1416
7633
1823
8396
2939
4226
7706
4672
7078
2093
8536
6324
2005
9109
9263
2004
5481
6829
6248
5688
1620
6515
2394
442
1124
7622
4068
5503
1718
6454
8596
7844
1132
2055
9909
3559
6889
6417
1029
8110
7512
9447
1732
3031
701
5826
1624
2846
7427
8314
2542
4532
6917
2160
4331
6882
6872
619
416
6522
6373
2301
8556
9974
1413
5377
8939
992
2308
3875
3868
3021
3336
5996
7329
9447
2027
3000
2191
9589
7668
1190
8261
7977
8117
2267
6010
7030
7469
1539
6959
8555
6957
4694
7827
49
7255
4451
6949
9789
3762
2748
9476
7906
5690
1725
6483
246
6517
2890
6904
3807
1888
804
5891
954
3720
8359
4188
8184
5733
9107
2917
8982
9329
2645
6479
1879
4310
9506
152
9344
4724
4303
961
4383
6306
1648
6718
265
7580
8747
4935
335
4139
8056
220
2876
515
4520
7109
6638
4086
7454
5303
8510
9333
3790
6338
4350
3206
6161
3959
1326
1585
1538
9063
186
9796
5032
8295
5092
2503
2545
0
3657
9450
919
3570
3651
8442
3393
9976
5387
7506
4441
9111
1560
4078
6629
9489
7448
9675
212
582
3370
6586
7255
8890
4278
5316
4554
8145
6762
7704
7934
6902
1809
3279
8820
3931
8690
848
8088
6523
4883
3135
3639
3163
6567
3248
2174
3728
2267
6905
4304
5978
5385
1798
852
9069
2279
6038
6633
6720
416
3315
3527
6894
700
5055
3476
1578
1902
201
9359
4848
4874
5887
4636
9767
5201
3086
1804
5986
6794
8420
201
6885
2863
8375
2923
4325
3073
7182
8042
5928
7945
2973
3296
28
3117
3022
5290
1172
6730
5546
331
3948
5892
4360
653
29
3255
8524
3717
12
4729
4001
2001
5453
6575
8609
1281
470
4905
9024
8160
7278
6122
2793
9181
916
3687
2224
3370
4235
716
7
5680
8163
8053
44
829
2995
2352
8928
9916
5666
8205
8834
2127
7606
9278
5161
6682
6468
2657
9408
4927
1109
8199
284
690
1481
416
2042
3945
2645
4453
9091
2946
4072
5858
9537
3473
7724
1422
2923
7460
1528
6360
4892
260
7106
5968
3074
5370
8914
6255
8531
9964
625
7156
9610
2243
1712
6507
5918
6042
6838
5836
5395
4533
2609
9486
9114
3036
3789
9942
4963
2018
5474
3232
9060
4934
3495
3976
737
1333
9941
502
9579
1034
8775
1604
438
3860
925
7133
8881
34
3392
3283
4106
8317
7264
9261
5130
3586
8233
1899
2860
9194
4099
4200
9020
8072
4648
2027
4570
2671
9425
5914
8941
1918
9930
8747
5844
5001
9860
5544
2664
5332
9097
6959
3149
1646
1162
387
3959
3176
6484
5970
2458
1937
3633
3636
4953
3119
6042
2781
9952
4844
4138
9103
6733
7739
7246
5407
5689
4581
5993
8593
7669
6356
4388
9923
5887
7596
6578
8836
1396
6593
6082
5615
9631
8425
9822
2872
3584
2478
2880
3393
7640
7344
9443
8873
8784
9589
3751
8930
809
1310
6847
781
4430
1303
5973
3621
5765
5434
8734
2228
6197
5362
711
5254
4962
503
126
4776
9795
5834
3262
7804
8309
8878
5234
8092
6232
6369
7354
7929
3623
198
3131
5823
7317
6481
9777
8710
5267
7118
7568
9976
382
6126
7992
1082
5605
8126
3943
6073
600
3190
7176
9746
699
5035
4409
461
8346
3218
6058
9255
5911
5874
8673
4987
9632
3444
2123
4829
3291
7866
8253
1123
835
8985
8392
543
6316
8004
9851
2493
4913
6086
9107
3830
5184
1068
61
5631
2955
7165
619
4801
1119
8294
5845
2005
7169
3462
4887
9340
1316
8307
6169
4280
6855
568
4380
7387
3084
1772
2527
8970
1092
831
7409
3709
117
5955
4386
1238
3741
9365
9170
5483
4896
8087
8603
2050
4238
6667
4426
6776
672
7998
3191
541
1712
2590
1511
5504
8616
5785
1271
2787
1219
6260
3785
2906
5248
3605
6299
4102
694
4558
354
8696
6401
5111
7366
2692
5321
2182
7047
1860
7795
4029
3981
8613
4609
6912
8941
8099
5973
3969
1975
2460
3972
7978
5612
8131
8981
8038
4301
6451
9992
765
5599
125
7827
2187
1643
2577
2840
6459
146
7813
7762
6549
9117
229
1374
8785
2690
5895
279
6870
1394
649
4362
8196
3232
5258
7160
986
1820
5089
3529
1605
9901
9150
3885
5686
6126
8555
2445
8127
5423
8111
2273
7610
2572
1295
1787
245
9274
545
8705
4717
8638
2798
7464
8278
8072
3331
9355
3733
3212
2757
3275
3451
3633
7662
8561
7518
1010
2168
638
2933
7635
1765
8499
9503
4398
2505
1981
3585
6682
7077
4888
1147
8957
6976
4436
7829
3960
1107
2213
7595
7649
9730
7988
9794
3678
9650
2643
7750
4845
4716
8286
2370
7312
1244
7101
8314
6806
2038
9958
3080
2885
2486
8783
2818
1923
1330
9809
4724
3877
8094
5576
7696
7310
5851
4886
2078
7480
5262
5960
2273
9841
3433
5393
8744
1725
6488
3682
734
7225
9482
7003
9503
1824
9721
7434
8759
3926
40
2962
9800
9761
5304
9448
1863
2648
3622
1655
8004
1828
101
4835
7333
9587
3556
7306
5822
9803
8044
1303
2190
1099
89
3152
4777
445
4162
6591
5598
4792
2294
749
2484
6131
2388
1034
9046
6419
6311
9898
7928
5493
4412
6025
9220
6647
2434
8527
5910
3552
765
3727
2960
7200
5655
6665
9418
2402
9140
9583
9818
3455
3408
4421
9325
5676
5431
2481
271
195
1712
3506
6028
3903
3031
9646
2595
672
3046
659
628
591
7567
7839
6534
2684
2216
2282
8231
8211
1252
7057
5905
8684
1674
2174
7109
9618
4644
6946
2647
9771
8102
9301
2406
5782
7929
5749
4918
7220
4291
6202
12
5068
5637
5978
2197
1474
6001
5112
2436
178
2821
8550
3270
502
5592
5052
4163
9224
9200
4545
499
9281
8670
8934
9818
1823
1527
834
8562
1797
5967
8
4355
5116
5284
4613
9042
9687
9973
7893
5587
2165
6045
341
956
6784
9535
483
2840
9250
1839
1905
6837
4327
6251
2249
523
7213
1653
714
9033
8136
3342
4001
733
8802
4064
4819
9599
3567
8631
374
4986
6687
4286
8784
1129
5133
1554
2567
74
9844
4389
1735
9138
9234
6545
962
3181
6196
7270
4257
2767
3584
2770
6729
6860
8258
6252
4505
9505
6222
2333
6400
7693
9556
3164
6267
8447
7122
2453
1884
7229
2259
9413
9638
3822
7781
3524
4612
9861
4952
2335
778
906
6835
2321
9828
5991
7840
8541
5274
6780
2280
6475
9717
1215
6585
9740
6315
9171
4147
7820
2182
20
2898
4404
819
9373
8182
5080
5205
6742
7454
2995
1834
9117
2771
2621
1206
7247
9649
6487
7259
2547
8640
67
5482
692
8513
7026
5891
1689
2131
3211
7401
5731
358
4117
6865
5586
9655
3570
5752
8580
4233
7512
9492
8812
2485
5292
5011
2538
5656
3533
2240
4076
8683
6346
2372
5089
6368
6466
1320
2998
9608
6759
41
6975
8097
9101
8772
9571
9597
8484
5745
3220
9534
1407
2653
762
3933
5377
8447
1612
5433
788
3100
9386
3389
2085
7685
4601
5867
7631
1406
5788
6404
466
6346
5451
921
352
50
5171
4235
3076
4308
8922
1375
2511
7960
4700
5998
4064
7134
3687
8729
8559
5907
7696
9561
1511
5763
6129
8596
4942
648
6895
300
8930
6480
363
6273
2177
8765
6437
7991
8517
7317
920
3650
4058
9706
2135
2254
9869
7316
7234
4459
3108
5626
5092
5909
9876
336
8076
6833
2546
9530
949
2532
6618
8687
7908
6510
5653
2377
1695
2675
1195
2328
4325
1130
1205
9734
8925
9071
5645
261
8078
2787
564
4581
7912
2579
5280
66
6990
1494
817
5850
8081
5727
8238
331
3402
1523
5696
3403
5427
4580
250
2065
1778
7452
1139
2817
947
4374
4051
2566
6737
3621
6198
2663
2177
2200
2847
27
5164
7365
7228
1353
9542
4338
9298
217
8255
3284
2501
6918
6166
2222
5414
1941
7461
6827
1194
9198
461
6966
9666
3241
1119
3606
8012
1109
6275
2488
2694
8961
6553
2292
7098
237
1034
4802
1642
2251
8650
613
2825
7951
3020
3861
8868
9910
3025
4267
9483
2610
4751
277
6048
4003
459
473
9339
9090
5090
5894
9175
4359
8249
8358
8829
9434
4879
8192
7419
5926
7164
5051
3872
2602
8329
3788
5510
8473
8235
9536
3677
3697
7101
5733
4832
3512
6393
482
8599
4691
4690
7176
8648
9664
3793
5952
4298
9683
6267
8963
7895
6254
6235
3305
9725
4458
721
2041
898
8066
2470
7727
5938
5262
4763
5963
8839
7645
2429
390
6979
8699
215
7056
5676
6482
2981
4421
8340
2173
6448
7118
4484
2408
9034
4451
4981
1091
648
9358
3947
5429
5527
2746
6815
5629
4668
8571
1815
9124
6221
3448
9764
79
805
1107
5047
1856
1752
1145
8912
3259
2835
9988
8133
4870
8526
8173
4572
7738
1858
4495
949
535
225
1896
4487
2883
4246
4328
5829
4947
7274
2764
5581
610
4896
4724
6829
5838
334
1664
9874
2738
4168
1226
6462
6702
1242
4236
661
8227
626
5026
1653
9434
6072
650
3775
9108
8220
6760
9766
5180
8538
4918
2819
8505
2555
2377
7107
3184
5115
3630
925
2214
3523
3043
4676
2498
6531
1107
9509
4977
2942
2377
2061
6611
7569
6774
8747
1859
513
9789
1005
2948
3424
8235
1386
6599
8316
4836
123
5465
2420
4648
3687
3369
8152
3653
569
9576
3228
2166
3520
3544
6616
7529
243
6903
9791
6399
622
5637
5786
5964
8206
5920
2929
4142
2453
4113
9029
2442
8683
2719
8717
1233
6817
5266
3643
9970
8851
5090
5449
2010
4201
7998
4053
2838
4266
440
503
2137
9966
5053
1483
8153
2685
6274
1024
3059
8137
8395
3292
9999
6902
5509
3673
4238
7282
1667
4783
4575
6724
6198
7567
3986
309
4484
74
9924
2325
9995
1436
4105
2540
3536
6808
6279
895
2992
7441
1614
922
3063
4947
4998
9456
991
5996
3634
4300
1984
5338
2400
4322
8982
3841
1474
5016
9281
8377
5574
9466
4997
8674
273
6751
5617
9510
363
9142
5453
7785
8980
3964
7772
8975
2885
8589
465
7530
7185
259
5774
3710
6265
5456
8536
7236
2974
1093
8678
1431
8178
6493
5112
1390
3384
2729
6389
2294
7658
4952
3820
3740
8056
2082
9084
7940
1182
3969
3503
2024
6463
797
8145
9153
381
8627
2398
3707
6603
5937
3354
760
9466
9120
7930
4276
703
6782
1023
9759
8789
6887
4387
9660
8607
2688
8380
6230
1478
3008
9101
5802
7696
892
604
1285
9874
4829
4206
4858
6508
143
9038
4176
1378
4857
5133
1846
476
9380
5108
3188
6243
9257
3589
6688
7003
3756
8047
1209
7568
5103
3407
9331
89
4596
8227
5567
6506
6435
6107
7830
3157
388
9097
2723
7296
3642
9255
8330
2978
1069
7751
8569
9958
7170
7797
5817
6162
776
3065
9456
3346
9729
8937
4471
5197
8203
7676
4787
4074
9226
6105
5442
7435
1396
573
5252
1094
3513
1627
2132
1909
9229
5501
4241
6212
9988
1785
9437
2903
7240
9807
8977
1310
2234
1439
3563
4721
3267
4360
1093
1765
5621
2155
8035
8609
1267
1198
6489
570
4617
5372
471
1337
9242
7146
3650
911
676
4036
1007
1039
2226
9413
7439
5417
9022
8934
2178
4887
1312
1277
9449
16
5400
375
156
6107
356
1
2724
7870
8254
672
4007
2851
2710
3105
2318
5227
2599
5066
9428
4589
552
6494
7325
3607
7473
6768
8432
2773
9336
1583
8931
7856
6935
0
1650
8813
4588
9690
875
5110
3325
3994
7049
6630
6581
6518
5210
1054
5856
7182
9791
6725
7342
4303
3344
8316
4568
7554
5018
7455
2397
2833
2743
39
5782
8810
4535
8988
9486
6284
6240
9704
6856
7837
7872
9895
140
1630
5738
6218
3778
4678
709
1547
698
5227
7821
1259
117
6048
499
9447
6067
4024
536
4857
1898
8009
642
7483
4991
523
7144
7702
1125
6335
9088
3736
1135
349
2450
8452
9907
741
5193
2532
1342
1271
6454
665
6942
4575
8736
9571
7855
9832
5932
2556
1766
9457
6788
750
1939
7468
168
8613
6615
8531
830
2991
5186
9622
2646
1008
9719
3039
5407
6515
510
7287
7472
7370
5654
561
404
6918
9429
6579
7157
1714
3357
3174
3555
7386
270
6931
370
9049
2514
8461
4925
3423
2568
3341
4746
2562
4464
3320
156
7996
1168
5949
3983
3362
7201
8267
1700
8132
393
4720
6537
2592
725
9084
5123
2817
3363
8451
346
4454
3866
7505
130
5597
7334
9783
5698
3101
1780
2036
5171
2627
982
4544
3239
132
4739
5330
2307
9442
9342
8321
5930
9386
6961
1735
9175
1641
8695
6289
2518
9407
3683
8003
4576
1596
2864
7912
5378
8823
165
9687
9913
6429
2404
9842
5580
3942
9488
4440
7973
7171
7417
9306
9005
9444
3830
8315
5987
8230
5565
7888
937
5193
8881
4678
9404
6544
9881
4755
493
6658
5641
6837
6225
8781
5327
4919
1105
890
8621
786
7759
5723
1710
2352
4182
9505
9078
6124
3932
9450
2666
8837
9287
2424
9289
6384
8665
3917
8886
829
1833
7682
515
9090
7967
7495
6027
292
9676
5381
1852
1797
6708
5679
8592
4535
761
4438
3943
5918
1461
4715
146
9539
7459
2560
734
116
2171
8360
6122
5561
8440
2045
8791
4258
2632
4016
2204
7933
4175
6506
1699
9123
3320
9489
5012
1986
1002
5703
3739
9301
3746
4621
5976
6367
3251
6372
3651
7366
6503
2292
9370
6300
7712
69
2873
26
2047
4347
3493
7845
5216
2287
1621
3746
7856
9991
6061
6709
4701
5016
7960
4821
9320
1378
8577
5596
3705
2250
2254
4379
1664
8261
7274
7322
7011
7583
558
3804
4121
1052
9835
5632
4513
8310
1478
613
4496
4629
5104
7829
533
4092
3201
5282
3259
5952
3873
879
3338
9684
8403
2037
5898
5903
3902
4309
3910
2831
9545
5789
2857
855
9906
7220
3479
7876
1690
4639
8922
733
2881
38
5304
5129
1130
2817
4013
6298
3067
8907
2955
9639
7668
7081
8858
8295
7785
468
7133
7737
8717
4209
7523
737
3757
2674
359
5469
1190
1654
1525
4757
1876
9435
4552
5473
3064
4356
5845
5700
2148
7797
3454
4006
9287
8235
4820
3984
8080
5529
6940
6032
6944
125
6444
1389
9985
3664
3523
1044
5836
9756
1554
2432
6956
2793
4715
9385
7565
2160
8548
9635
8464
833
8472
4519
6542
1903
8714
8158
1430
7336
8919
2218
1349
9955
5479
1871
1825
8130
4256
6574
6978
3863
9607
4771
7630
7859
3939
8580
3839
969
80
842
1730
2930
4717
7100
9151
73
5859
3270
6080
4310
3698
8329
2161
3784
1945
8924
5762
3995
5697
7056
475
7018
9176
5937
8461
2622
4325
2568
1793
5748
8236
1165
4943
2588
1136
394
7837
1437
9088
7979
4802
6151
7232
7762
4326
6929
2405
1126
136
5632
6684
4843
5051
4889
1111
478
974
1837
245
7767
6951
1587
7117
656
5947
1028
7671
2181
5628
128
6887
9889
480
5294
5255
680
3945
5520
6720
6772
727
4773
4452
4550
38
8791
2699
6206
2901
885
4439
6422
2037
9484
4406
8856
793
1278
8117
2928
2976
372
8796
9437
1581
8495
4649
6352
5935
8874
9612
6583
1746
8764
2364
5172
8929
1082
8565
8197
8917
4873
2767
8889
1647
5345
732
9816
2350
4573
7293
5345
2430
2542
4641
9457
6509
5519
748
7199
3803
1412
5920
2037
3933
2332
6378
4408
8670
8133
6331
3848
9539
2494
3217
9235
9001
8392
8082
2821
1518
3061
5029
3770
3480
403
1053
5779
1494
5122
738
7879
7953
9472
3101
2993
2526
9383
8416
2103
179
7436
9505
9050
1635
6888
5457
697
248
1027
2876
1441
988
3340
7023
8624
6020
5285
4497
1735
1946
155
2048
8796
6101
5924
9449
1871
1383
6561
6596
9525
6483
5123
8761
6496
5209
3018
3571
3504
1919
1752
2815
6530
3501
6419
1840
9878
2213
6058
4307
5583
62
8895
2250
180
332
9666
4968
4435
7117
4015
2488
469
3842
8430
3178
3085
5448
3128
5818
5257
4050
7657
1902
4715
3461
7585
1005
4642
8735
6836
4935
785
9541
6433
5828
4097
9096
2928
3357
1586
5603
9925
7809
1853
5908
9521
6197
3109
6452
9399
9340
987
1861
6444
7486
4481
1287
1735
6984
2822
1078
6025
2912
8368
3844
4182
578
824
4911
1569
1260
6943
3086
3878
35
1535
1933
2496
5328
6204
355
347
9179
7513
4044
4243
882
5174
1128
2268
6294
551
5519
7563
6434
4976
8735
257
56
6669
5107
4120
7674
7198
7906
6710
5682
5760
594
1631
6319
7174
3399
1591
9548
8550
9611
2148
7310
4288
3067
9090
7659
2633
3148
8096
6129
998
7545
6215
122
8036
7466
7611
1562
2852
2226
3098
9682
2755
6101
5634
4021
5304
1188
2127
3875
1175
9591
8546
359
1443
4230
1117
8810
2751
6979
4586
8579
3557
8967
8316
1532
8704
7016
5517
9633
8068
7091
8470
663
8782
9932
2189
2198
4597
3600
2392
7221
1392
803
1921
3873
1585
9786
2370
361
9871
3943
4079
6169
4177
6493
5954
8513
4294
5951
6274
1378
786
1129
6093
8676
5747
3898
9460
4486
7026
9677
1350
996
5524
9074
1348
3902
9232
5566
8084
9131
763
8892
385
3609
9423
6862
7456
4207
5482
7428
4861
6977
8563
7175
4964
6127
9511
4371
2347
8075
9665
5967
3612
3700
4361
7370
5569
5252
2179
8804
6184
3955
360
3622
9270
2534
3506
1919
9384
8568
6384
8828
3060
9891
7241
4306
318
5610
574
8667
3942
6646
9176
1068
991
443
417
4991
4347
7271
6126
6849
2418
8374
4714
2489
5025
1701
9278
8660
4030
305
1820
2537
5482
6651
3466
2382
1552
139
8284
823
9034
2397
8411
85
1378
4700
2417
9107
2054
4234
1478
8472
4501
3785
1780
90
7430
5529
1319
2560
551
4926
8929
1617
6163
1469
7450
4702
9933
3924
8244
8585
7273
19
4956
7073
3002
7099
1260
5483
8950
2145
2942
6911
8165
9598
8331
9436
7400
9862
930
7336
8743
5059
2004
5815
931
8046
5931
2231
3722
9066
5131
7095
2168
3533
1809
7378
7770
91
5656
7884
8335
256
2122
2679
2087
3866
1171
8418
4781
4321
514
3519
1873
9588
857
4224
8446
7954
1619
7821
4970
8337
4117
7428
428
4014
4445
1613
9991
8706
9495
4905
2341
9821
6687
4471
6607
6321
5424
8530
7528
8222
9867
8747
522
8709
1587
2750
7960
4459
5653
7411
2658
1165
4998
7236
6439
171
964
5894
2421
1778
2414
4550
9947
9449
6048
9953
5920
8231
6054
4831
2221
383
9153
7933
7109
1322
7112
9303
3045
1040
7494
4878
6821
1122
2225
4491
7918
1830
5115
1936
7687
1968
2097
9879
1752
3114
1857
7226
1231
7504
2936
6974
1376
9802
1081
8684
7782
6711
5626
7309
5689
1810
2297
8450
7944
9316
1164
8733
5750
4262
6725
6944
7857
1664
3412
512
733
1107
3126
1717
3855
3184
6460
3489
8437
1027
582
9418
1603
3023
3294
6950
824
1927
3010
6994
1935
4822
2265
9071
6881
1756
2438
6185
328
3206
6586
5333
8703
5529
4404
87
2805
730
3843
2542
2272
2285
6525
844
9533
7208
7704
3909
3110
4627
3605
5299
7661
5486
4044
6980
6821
4063
3859
769
1983
7702
1272
5515
2530
9551
4110
8628
5156
8580
5172
7703
1237
4668
1744
2854
9915
3764
1899
9358
503
2696
678
1929
2774
3999
7627
1263
8836
1008
3166
5402
4956
6276
3298
8741
7802
4042
6616
1503
1713
8064
9202
6674
4856
8661
6997
6651
222
4825
2701
2997
7375
9293
8890
6887
4799
700
4681
9702
2756
6325
1677
1352
5248
6388
4604
103
379
8780
6502
6061
7343
6500
7936
4898
605
5243
3231
8656
589
8105
8784
31
8882
5075
4772
7394
2396
9770
3273
7324
4119
8849
2228
208
2145
1402
1273
7029
6457
8332
1965
4466
259
5522
6515
3067
9128
3523
5891
5048
2794
9961
1289
7550
3124
5504
1673
8877
7296
9566
768
5958
2931
5625
1797
1206
1299
8873
9343
755
9448
3452
1216
4161
2192
7055
927
2354
2797
6592
3076
4440
73
7133
9468
4856
1850
4584
8476
9613
1824
7978
7345
8646
2762
496
8774
4638
2249
327
8704
4533
1853
3504
5460
4655
9531
6287
1848
7049
5408
4726
7494
4964
1583
6297
3580
4128
8006
4990
7697
1398
6271
2067
1970
626
1218
3787
6938
4363
2328
6102
9249
4048
2058
764
8379
9616
2520
646
7377
7638
5221
8698
5917
8416
7551
545
7294
3146
1837
182
7356
3868
914
2717
5461
3532
8990
9229
8550
49
8771
8859
7941
6198
6132
4789
2203
2327
8122
1064
9071
5996
4672
1375
7966
6111
9086
25
38
7546
3828
6549
6689
4978
4236
8028
1423
634
8514
5626
1453
2982
8847
8635
834
6445
80
559
9463
8473
4597
1129
6870
767
5062
6602
4971
8277
9744
5860
7096
9589
3485
2942
6581
413
8498
915
1444
703
8385
6711
7171
1724
3727
2904
4122
7352
7904
5740
6740
4986
2574
5821
1914
5123
2633
1902
3707
8680
680
1880
2360
109
9437
1189
3963
8336
6103
8968
1928
336
81
3847
4652
1224
8616
2663
5682
2043
7434
5378
8564
7037
4057
2599
1903
7276
2334
4815
8431
1018
8507
5031
8825
6168
6441
8463
2568
368
6016
8638
7902
5599
4213
7871
4316
7309
141
7292
7406
6971
5600
7461
3437
9335
5225
1261
7864
2431
6490
4818
2269
2320
7676
9143
3504
4457
3571
8047
2238
3313
1920
3448
220
7794
3553
4722
8568
3680
6483
715
849
6890
2423
5096
5411
8268
7299
8849
3594
5854
3983
1706
552
2701
2863
9130
3857
6884
1089
2778
3779
4407
1244
1948
9732
2059
1001
3860
3427
1589
4637
6471
1665
3742
3508
8623
3192
1183
6474
1449
2857
5375
8002
6732
6196
4006
3050
5845
2160
4621
4149
8643
4123
6373
5112
6156
6747
1040
9857
9402
4050
8367
6896
4086
5712
3145
6650
6095
5762
8149
4754
215
6425
4181
2408
8443
3526
95
4782
6780
8688
2440
9525
239
6088
2351
6455
9629
164
4100
8093
9703
3128
4051
4464
4219
6659
2097
8844
9227
2804
8274
9857
2400
7005
3988
6659
4923
6704
2491
786
2947
2839
698
2948
32
8464
8059
5277
611
4
2539
4928
4128
1289
9685
2864
7129
8781
6985
112
6776
5299
265
7768
4856
8474
2032
2201
2497
2153
4975
7623
670
6711
7606
1221
4893
3510
4507
4911
7634
1504
9417
5056
24
4153
4536
2852
1557
3140
6453
7720
7033
1746
7551
4382
1587
6644
7614
4572
5424
162
5295
7076
369
1221
5375
366
4535
1950
8084
17
5486
6249
9971
4225
6067
1260
9585
290
6100
7194
5530
4522
5858
2789
1287
7205
133
5279
3408
3330
1117
9425
8526
5498
5920
1844
5019
1361
1957
2685
2137
8150
1867
3942
5692
709
278
839
8980
5163
1944
5908
2714
6745
7608
6064
631
3185
9298
2703
1612
4173
8235
5481
5793
2432
1694
5130
5837
7332
5656
9990
5791
3202
4541
2954
7111
6257
9941
7261
2356
517
7974
9942
2923
7656
8767
8503
9137
391
2062
3655
1461
8755
5710
7486
9228
7192
305
9433
5322
7386
6550
2733
3450
1467
7159
6232
2266
2105
658
6227
4182
3236
4658
739
3392
5405
825
9679
185
4042
8076
7276
5919
2231
5467
2420
1218
6470
8027
9942
8468
5543
450
7430
7885
2274
9359
7637
1848
5281
6499
3579
3966
1083
176
2833
4493
6603
7756
3675
4884
3439
4866
5618
7982
7548
4437
2336
24
3695
4450
1701
1841
8207
5105
9670
4013
8558
3639
1861
5574
3629
92
8075
4431
5247
4516
6562
6342
9494
1788
112
886
794
4146
5709
9926
7480
1089
6213
3330
6439
8168
3145
4467
1189
2806
3024
5310
4688
7461
1259
5238
305
160
5207
2318
83
4865
5307
5599
9346
1068
4512
2739
6238
3201
5792
1916
5278
5714
1208
8035
7601
1986
4119
5248
9871
1334
5385
915
5183
5771
605
2638
514
7379
2145
5391
5532
4381
5024
4541
9779
2800
1601
7614
5679
1380
7697
6514
2002
6301
395
3648
8289
3348
2516
843
3376
9396
5619
4561
9740
3214
9821
5936
9602
4714
5631
1125
4157
4139
1812
7618
8076
2988
6999
939
4834
1645
802
6078
9895
1685
2612
5309
6108
7922
1745
73
2956
4996
7524
8652
94
9602
7344
6434
2454
7960
6388
5253
4379
8462
7324
4756
9139
5174
3604
9984
699
9953
6600
6051
2435
286
4198
1485
5270
6528
613
1500
3319
1131
5039
4631
5895
475
3226
5543
1539
897
3780
1987
1977
8843
2204
374
5307
5775
3678
3695
8253
3332
5798
2085
3001
8957
7430
4949
3058
9810
7411
8473
2757
9692
3001
519
2411
3629
5566
5811
2603
9578
6996
4098
3324
7591
7368
8204
5768
3021
200
3325
13
6730
9666
3064
8589
933
855
7352
7173
2604
9374
7349
9050
9180
8212
5551
3615
5324
465
9451
9027
3111
8231
87
408
1956
3188
5483
5358
7891
6630
8365
9054
7622
8382
1601
9315
8490
8077
9100
2946
9697
9883
8579
3098
4270
6054
5509
4374
7868
2472
2673
8416
9930
6177
4981
416
4343
5827
9285
7538
4182
1357
5028
2181
2094
9167
7602
9311
8353
8572
9986
6158
3991
3726
8279
6569
6
9171
3515
8981
4176
1252
363
4068
7865
4087
802
2520
164
8650
7776
1350
4105
5136
8278
1973
9621
8713
6737
1653
8157
5881
1489
3836
7936
6586
8197
2811
7033
877
2341
2304
1950
652
6428
7061
8744
7323
4303
981
1903
653
9822
5263
8545
4163
54
739
7566
3503
2785
7385
8371
663
763
9713
7250
6116
5089
3541
9562
3354
2184
1050
8344
3026
7320
6725
7738
7251
7219
5579
7179
6576
8709
6753
9200
2363
8217
8066
606
3494
2182
1279
3510
5722
2645
4960
7087
4529
2272
9609
5326
6909
4536
4824
1556
3260
2995
8090
2659
1907
2832
125
6542
8375
6920
7008
4445
4970
9107
9207
1754
3811
6100
2635
6923
230
7955
1822
4140
4659
5988
4972
6504
5787
5049
5533
9380
9820
7393
6903
6232
4893
5867
5472
8091
2149
5963
5968
1658
9318
8936
4357
7492
7911
7423
113
2165
2528
616
3342
2957
6606
6659
3794
5212
582
862
9293
9149
1030
6486
8783
6428
935
599
1671
5477
1839
5379
8710
3275
9747
5963
7953
3441
4185
8908
5125
7128
9291
2968
3285
5478
5016
8592
7919
2799
7204
5852
9390
2755
1088
6535
2440
8964
8836
7817
983
8146
5545
7730
1348
7428
7011
816
6975
3317
9547
5294
2091
6393
7739
8953
4983
8443
5299
1871
312
8292
5145
4934
913
2234
9404
8279
3237
8675
5561
8933
8019
9412
7926
3726
6527
6890
1692
6525
9266
4772
5523
9432
4552
7403
8933
6429
8359
4016
9428
2708
9807
1472
4055
4529
9981
5030
639
3098
9
349
7849
4479
48
9744
9564
5082
5596
849
9521
6692
862
8530
4035
6832
1662
2979
6684
1017
601
8280
7151
8676
3465
7798
7876
193
1923
8747
4541
6868
5882
4919
2120
7050
7137
2218
6173
2106
5773
9451
1527
8921
9688
7107
3919
2330
3378
356
5796
2592
4066
4713
8535
1457
2251
4443
6451
1354
538
5708
5402
2265
443
4852
1914
8635
1387
3174
9246
3490
9671
7535
7041
8146
7444
7770
8909
6248
6024
9394
3218
727
8646
7413
994
7313
9719
6289
5384
8623
5235
9711
5913
6877
7808
8809
8211
501
3425
9768
2899
1894
7791
3006
4227
3440
1381
1437
3631
9855
9125
3538
7576
898
6904
3906
466
9527
1203
5743
8104
101
8437
8934
8880
4229
7804
2665
3640
9357
3400
2596
2271
666
1607
3470
4417
2858
5216
4862
8378
3956
987
2775
2572
8692
4621
274
4252
8567
9777
5334
3462
6607
866
1047
5089
5331
3989
616
3212
4183
2883
4270
3416
7299
7877
1154
5728
8098
3576
3362
7298
1370
8256
2054
9570
6675
7624
8698
3540
5173
6247
2125
6230
370
2494
7172
3632
1261
1134
75
7060
2166
7623
8601
4864
9908
1643
5135
2370
7325
178
3182
2651
3365
438
6162
7820
2896
6862
7326
9341
7509
7799
7861
9741
8178
3278
2642
9203
9782
9547
2053
5235
3423
264
5739
7036
5857
4111
5512
2302
399
353
8036
9785
9161
8530
3839
8352
4642
8818
8898
8124
7596
7975
3508
9534
8930
5766
5669
8316
4066
9808
2507
861
230
6745
6966
6847
6110
6516
7714
565
5083
4602
3417
3583
2090
377
9170
897
8539
8633
3466
9093
9101
8826
4125
9021
1879
4105
3745
7920
7222
2449
6592
7110
8814
8894
5456
6639
3615
1565
6736
7325
3782
2032
4257
226
4236
8365
3150
8259
8607
582
9050
220
3467
1811
8117
7230
8453
1019
6074
1987
5268
5346
2936
1714
5532
6236
5739
2894
4584
5472
4343
1593
4900
5640
5760
5830
9620
2916
1592
7243
3252
6542
5446
7685
1052
4408
9535
1270
5712
2257
6564
5081
8626
7943
4344
8822
1956
3175
2908
913
2990
2960
6329
5181
1208
8421
3946
7694
3973
6417
9555
7020
5852
1812
1377
4195
2483
9100
2992
8040
8795
5359
3667
2966
6643
1300
2291
3925
9065
1490
9463
3052
4308
976
8845
4926
3527
1324
3954
7024
1298
3079
8596
2298
4171
5405
3041
588
7605
8210
8795
1608
410
9416
8074
4781
6986
4030
5966
7076
5632
8466
6480
7507
7885
7398
436
5262
7076
5680
3470
8718
3377
7356
4061
3930
8775
9453
5048
5489
2068
5456
5412
7258
1203
7521
9151
4963
8078
9591
2396
6341
2061
5738
8907
2297
2207
8309
8564
1780
9364
9238
1200
2637
7814
979
5205
9727
2274
2134
3708
7321
3270
761
2848
5539
3512
9133
1797
4844
5440
9476
8418
494
4083
2703
460
9923
7022
4737
9009
5937
9931
6802
3182
7472
4563
447
7229
7309
8272
4319
9055
6119
9341
8145
770
2166
2365
673
6767
4123
2037
5865
898
6531
1655
9956
7239
8165
2828
1742
814
5483
9741
7047
2378
8797
61
2198
7915
1624
1271
5130
8278
4174
5727
5932
254
2519
6216
2384
9538
134
7122
7466
8931
7366
4189
2574
8367
6019
4526
4256
7647
373
7021
2185
6921
4182
8889
7275
771
3685
6264
6764
8837
7315
2111
1790
6633
1867
2203
2479
9794
9679
8937
6716
9686
8701
7464
9904
9690
6720
1609
554
9289
8163
2752
2045
7183
8976
5866
7330
5464
327
122
9992
2976
6890
5042
219
2311
8549
3866
2145
6883
4203
8768
977
8946
5371
6621
4255
26
4961
1440
9906
9535
9497
713
6407
1489
9023
5556
9310
3838
4242
2783
3378
987
6855
906
6631
9739
3577
7034
4187
1305
3758
8842
5102
1640
3220
5552
558
9669
4842
8263
555
9637
8348
3661
7162
8768
4167
9499
4997
7802
4090
108
6143
7754
6157
140
1990
4489
619
2751
8881
2168
2667
9692
1768
1662
9389
9668
5058
365
1199
3538
3641
3696
5183
7584
619
3507
459
8275
7466
2799
420
3029
1779
6161
4465
7197
7820
3765
9696
1901
9813
8788
2919
5960
4801
6279
7305
5886
6735
6727
4244
8229
4752
4051
9479
1269
9629
6813
8560
1984
7809
6802
4371
2813
9905
7427
5767
7152
1645
5140
7483
9703
7886
3793
8438
1667
5823
2392
2924
8689
5048
2775
6764
9252
6005
4163
8678
5713
6677
5186
3674
5687
7022
9349
4892
6281
9950
6550
6387
3609
1037
730
6864
5554
7998
7666
6140
1218
5764
9284
4603
6242
1233
8961
1932
3284
4810
8659
9330
6136
6918
8933
6141
6907
853
7999
1441
8076
1053
9132
1689
5004
2688
8762
7684
8962
250
8317
573
4328
6870
3344
4216
6229
8751
681
840
2024
2228
6408
6430
190
7589
6652
6269
6208
2522
8466
4392
2892
2035
618
3548
5853
6314
3416
4858
8250
4773
2212
8172
2233
6871
7263
281
7022
9990
5507
6180
2116
3543
5349
7647
8774
5477
6521
3597
1722
289
8530
9028
7450
6771
9749
9345
7345
3711
3816
7686
4415
3779
1357
7679
521
941
3093
7602
3296
5769
19
8356
44
1943
5630
4936
340
2651
9073
6626
7565
9118
1043
1706
6909
5858
6047
7004
8282
9939
4943
3820
4916
4537
6426
6647
5004
8522
8967
6213
8736
156
6300
2331
9108
1848
1928
2797
1454
3898
1497
624
5389
9205
4346
6221
6679
5572
717
7217
9966
4939
5937
4433
991
4027
2096
2235
1639
9828
3192
1448
5889
6197
8036
4078
9488
2511
422
5682
5302
8775
5043
7786
2527
6586
4619
8433
7597
1356
4403
4291
9536
1993
1137
7688
177
1004
1235
6318
7468
1678
5661
9646
1352
8965
7213
6945
6741
6670
9420
1228
3760
774
9508
5478
5973
738
4568
4874
5570
4830
6341
4184
9140
1090
5811
9765
7905
8801
4119
7587
5745
2059
8521
4988
2569
9411
1244
328
3381
6906
6527
3582
4834
7450
1760
4934
9317
6959
3240
557
9291
5455
502
338
6270
6427
6508
3245
7937
6349
1792
7039
3017
4161
2272
8325
8200
6336
8934
7318
6198
1512
5811
540
1630
8743
8506
8047
3746
1158
396
636
1356
6531
5836
5765
6275
2454
559
3987
7286
7365
3634
8678
2024
4531
5719
7133
7400
5779
5101
2896
6651
3466
6922
90
4008
594
3240
7445
1056
4955
4602
3166
9337
1389
6202
1991
6037
5832
1152
6315
4579
3980
8256
9020
9522
5172
1345
7464
3485
5565
1222
9210
648
3525
6107
7933
2838
527
1885
8171
2500
9411
1413
6644
1205
9329
8051
586
778
4166
5204
7513
4654
1367
1184
8164
2491
8010
9010
7018
2045
101
8373
6936
5873
1006
4567
8056
5850
9345
5324
4551
9760
7440
9858
7716
5172
8100
8749
756
133
642
2206
3458
2136
5865
9508
2499
9272
1528
5199
7512
9786
5869
1725
1838
1323
3143
9668
639
696
3037
9819
7707
5290
4727
789
17
4828
7066
746
3030
186
8162
4115
1673
6664
2215
7106
6141
4620
4242
4108
4517
537
553
3700
1055
9801
3094
8902
9367
6901
5382
2412
5564
3956
2029
9872
3167
8687
8678
4639
1847
1949
5720
5270
1874
5200
7125
5756
6710
9690
7644
3468
5654
1981
3134
7597
2832
2622
7453
7631
5251
6773
3345
4228
6205
1220
6100
6105
2915
9634
8061
8080
2346
5794
7930
3356
6770
3413
8294
9655
6322
9464
5978
3971
4494
9547
2064
2843
7733
7280
3234
5014
679
5340
6945
7000
7364
1805
130
6852
2367
3240
7938
4385
2402
3406
4090
392
2923
7674
7886
1239
1380
4282
8192
9782
8225
2919
1586
596
9650
18
3544
6524
6327
1821
4619
8298
211
7604
4553
5571
4378
4214
2746
774
1716
6372
7694
3006
4707
4356
2402
1345
7585
8818
5906
5480
83
2276
8968
7306
6538
3256
9074
9127
6536
8365
7522
9183
95
4187
9263
6077
9477
784
1736
8067
6004
6071
5353
9907
1966
1511
646
8790
1981
7877
4372
5725
3912
935
7175
4179
6354
6039
6406
1163
7549
1264
1211
5962
764
3032
6198
547
502
857
4785
5420
2838
9261
6286
9578
7934
2438
8093
6189
8332
568
8506
7018
9589
1364
6563
4465
14
7569
359
6890
6922
2137
7209
7073
1886
4109
3332
8411
6416
3414
6376
3812
4477
6713
1235
8007
7353
6230
3004
8825
5889
4814
5688
4754
8941
2878
2015
4073
2258
940
9512
1035
8500
4301
9121
9607
1816
9600
1739
1817
6343
1675
2290
6465
2222
8624
9099
5567
242
1835
3398
6926
5266
4971
4450
6970
8885
7434
7344
1775
6834
75
4015
8927
8558
2751
4166
8128
959
9860
3121
2912
7519
9611
1635
8821
7885
4708
8538
405
3982
296
5903
8431
3921
6947
8988
7973
7631
5212
6889
7191
6881
5922
9135
9484
3996
7572
9261
2319
1319
509
3241
1236
2381
1179
9006
3702
7598
5659
4595
2750
1184
2962
9933
7730
4163
2778
2395
2183
3777
5591
2622
261
4100
3973
3932
2710
7922
3536
9690
5033
3940
6240
2982
9402
5108
9375
2807
1430
2740
3063
7452
317
4924
1645
81
425
7371
4
7473
6229
1983
4272
6565
6732
1359
9272
8506
160
9989
8791
9744
3763
2409
5871
7214
4293
1897
9642
6403
6074
6037
2318
5384
2743
5990
2044
8450
2313
6831
1446
4387
1939
587
4843
6000
9602
5030
2752
2460
8990
6136
2316
1363
1567
7084
7648
3972
5609
5966
9585
1910
1254
1939
5891
795
1711
3155
6292
4241
3318
6913
9779
613
5011
2299
1083
3187
5625
1580
5055
1256
4373
4719
468
4616
2370
9023
4021
508
1819
9257
4791
3043
990
9475
4171
8441
1993
6278
5241
8821
5765
5462
2383
300
4587
338
4661
451
7911
9431
4395
2833
88
5695
7826
8195
3008
54
3028
4250
7918
7790
1906
9791
8486
2088
9368
6038
762
547
3390
624
1256
7809
5710
6874
8367
3188
3436
1651
8046
473
2839
1995
4779
3610
6187
4327
8573
8903
1857
4273
9783
63
6052
4845
5362
72
5119
8822
6053
6382
6392
4710
1763
6008
1684
2356
6050
3862
7990
9976
6067
502
8391
3434
4499
8935
5155
9241
1117
7092
2542
9447
2089
194
8081
8209
5045
5269
1029
6365
9983
9532
2955
4060
3100
4157
4437
9919
88
475
3348
7525
6443
6612
3744
8738
1859
8727
4397
8044
4228
3747
3376
1679
2825
3018
5358
3569
1333
3908
3853
8063
3691
9536
2026
1734
710
709
9206
7741
6518
4167
573
1215
8248
2549
7172
9335
2416
9296
1279
5973
21
8150
4332
8541
1370
4875
3311
126
6517
9945
795
5344
3389
6622
4506
3015
7845
8756
3321
1396
4991
9967
5555
5066
2175
4687
2808
6254
9421
900
9210
4183
9430
4977
5492
8293
464
4602
9576
5263
9144
6407
4035
1604
2858
1435
8222
3011
3356
9646
9364
2246
2536
7013
4843
4217
6323
6900
353
1097
6751
7146
7733
23
4777
9994
3966
9691
1744
6554
3372
9957
7827
84
5609
4399
6917
4138
4860
8703
929
1878
3114
8025
979
5247
1385
737
7066
3224
7810
3965
9257
3715
5074
904
2948
4771
5693
6083
6925
4655
4896
5975
9147
5970
1634
774
3107
8239
149
1039
9814
7793
5551
4703
935
8753
3776
2229
3159
497
831
9886
9535
37
7973
9135
2729
5521
8438
9697
2684
1309
7111
2983
8898
6006
4176
3899
8119
7310
8592
1478
1472
4723
8711
5262
3910
5565
2597
7513
9518
2289
9804
1120
1174
1107
7636
7520
9917
2712
2379
2921
111
7337
3910
6617
8381
7571
7881
8387
5141
8316
3455
8585
2307
5696
7351
6921
8276
7785
1195
6994
6946
4589
8014
2696
1121
4945
2817
5917
8484
7628
3777
8960
3405
1238
9857
6482
1200
5327
7072
3266
2178
7836
8471
9067
5011
8252
7297
803
661
1800
2615
8340
7880
9385
1063
1928
9476
4932
7408
4109
5858
4176
701
9352
2312
6776
1708
3205
9823
6460
8425
3501
5058
3954
7516
4272
6004
3754
7723
8178
2958
575
157
4018
3621
1497
5741
6581
2052
351
1383
82
7915
3993
5474
3702
5444
1780
6922
7319
7933
6575
7768
3894
5063
7395
3281
3022
666
223
2808
5481
3939
1585
4896
2385
7451
9920
1907
6196
5765
7222
8936
6512
7139
9627
1076
8030
9237
1613
3952
2604
8080
5340
8930
594
5719
4801
3115
8950
2649
9311
6508
9691
7302
4930
4134
9684
2079
3235
5581
167
7737
2061
2007
4428
3198
890
6023
3573
7904
6439
3297
5847
2411
71
105
262
6902
7491
2781
543
9349
3150
2123
6830
6222
5334
7744
1136
9317
4934
2351
3587
2647
6745
4394
2362
3167
8474
6847
5965
4313
2471
2914
9181
6817
3539
8883
3444
8231
9642
3868
3915
9569
8175
4026
8229
9724
2433
4517
7401
3953
1997
5629
7949
6608
5357
5011
5389
1340
3438
8113
7579
3747
5935
8983
721
55
1605
5603
1842
4254
2092
5468
2750
51
6807
539
8980
5574
9544
6391
6481
1879
5148
3467
5143
7418
6734
2694
1546
5031
4779
8271
3076
8594
2917
7379
4135
1682
6017
781
3426
4320
6252
3968
4637
8781
7178
9108
4159
2288
8014
6331
191
6875
3302
1038
9031
2153
5342
2729
2596
6454
4885
6703
6218
3210
2861
5099
1925
8612
4203
6405
2394
9776
2942
7245
4683
8932
9772
2488
6282
8589
9112
1396
3221
2464
7808
2617
2063
5839
7859
1389
2176
459
4704
1060
2610
2416
4169
5091
4924
4146
9766
5759
3324
3154
2166
487
9869
1469
1169
875
4185
113
7849
7559
8663
5260
7358
5584
5957
5603
6320
2217
2065
9291
2335
4034
4641
8280
895
2798
6467
1968
2680
9008
9230
8203
7673
1010
5399
3786
1052
593
5024
6256
693
2552
6138
3377
2564
8519
9996
3990
9546
9359
172
2394
4040
9485
3289
7957
6930
8945
2763
5314
2883
955
8402
142
10
2001
6252
4320
5506
5886
8515
4399
8048
3978
8130
1749
7685
7666
7159
606
4915
8052
4068
5804
6909
3530
1200
635
342
8496
4171
3948
1820
4435
2446
8656
5053
1608
3440
2243
7095
103
7942
7794
494
7346
7170
7098
6486
7365
5996
1983
8417
5948
702
9429
8418
9451
3432
4591
8864
6798
1988
8882
5494
9662
5685
5572
1975
13
2889
422
3119
7150
6237
2716
4388
5716
2991
7925
5243
1813
3022
7867
4920
506
3549
7561
7645
6630
7847
1588
6467
960
6957
9495
5463
2847
8715
7983
2219
5490
8760
4415
653
1529
1404
1041
1221
211
6060
6042
1768
6069
48
5881
490
3715
8646
7148
3488
9774
336
5038
9203
298
5864
8529
8769
8763
4963
7940
8733
9403
8723
9185
5175
6747
6199
5734
4582
260
6493
3117
3345
8392
9208
6106
349
1930
2524
4017
7137
7575
1446
8210
8613
3775
105
8402
2857
2836
6931
3943
9042
6542
1774
4687
4207
6904
802
6350
5337
4699
4760
5938
7977
1956
4793
5940
3332
8453
5508
9438
6129
7077
1631
8899
1564
3812
8581
0
9555
2464
4494
8061
8444
733
700
2703
2665
3012
7857
157
772
1787
7886
7757
7253
8701
5495
4875
3059
405
2322
3813
7255
8412
8702
1446
7660
6141
1600
4669
8626
2449
184
5785
6242
1213
754
8067
6059
5188
7800
9624
7483
4553
2742
1874
9817
4325
8870
354
8191
6465
1705
715
9158
2545
2966
8862
2265
9677
5597
4910
7563
4253
3829
3279
4789
9809
2963
1152
1607
5930
8444
8226
3632
5048
8593
8596
9161
2849
6329
7341
1275
2539
7805
5221
5665
1142
4701
5008
4264
8921
2384
6647
5538
7479
8632
3844
7930
2526
4596
2859
4643
2108
9311
7216
2265
2174
3094
1737
264
3126
230
721
331
7352
4356
5
1533
1345
7414
4174
4972
709
5694
5468
9947
7060
3095
4348
6854
1815
1432
3686
97
7901
6582
9765
2089
173
2007
7539
5020
7623
6080
9521
4436
3403
5087
9264
670
8069
1557
9775
9897
3620
2123
3633
9002
6198
4245
1002
5196
9730
1908
5190
9269
7393
5622
7958
4852
697
7896
7736
6503
5992
9547
2209
281
9465
2340
4986
5015
7558
6862
8676
3540
6331
8554
7402
9490
6082
2246
6866
9937
8113
1996
5647
6277
956
4929
4326
191
1079
3374
6794
3102
6189
475
5702
846
5750
2039
4695
9550
6712
533
2756
1503
8493
7632
7834
4361
8525
910
1400
7768
5080
7491
2564
9779
8322
381
4473
7885
9691
3436
6126
4884
6042
756
9907
9639
8982
1323
602
661
9072
2301
3392
7536
8800
3232
151
8177
4426
8513
3633
3605
5836
6093
3995
8036
3000
7372
7892
7714
5753
9527
7768
7247
9539
26
1389
7049
4476
7957
233
3345
2928
2508
8718
8827
6518
463
84
6862
1645
8292
5489
2940
3425
543
8455
6412
8656
1363
1626
243
4468
4579
8796
1393
7085
2642
4455
5911
6364
1576
3991
6
7038
693
6385
7858
6563
8368
1620
8150
6810
2889
4267
3378
3819
6141
939
4687
6848
8087
7663
9794
2833
7891
9806
9135
4379
6942
3254
7301
3068
3065
7719
9847
5757
1932
1918
9131
2508
3512
5388
7131
9237
4709
8803
9193
2701
3786
6733
9520
5899
2282
2232
7541
899
8283
4818
2076
5953
9443
6573
1079
9966
7531
9502
2570
6241
725
2584
7721
8661
730
9249
8050
7027
348
6669
6968
9420
1994
2943
4836
8293
3266
7881
4768
2768
1680
4555
8638
1923
3077
4720
8418
9079
2707
1585
3729
9662
9109
2260
3649
7378
9483
7765
6607
7974
9986
591
5056
7100
8082
9846
1135
2051
7266
7460
7317
7497
6966
5615
6279
2229
7784
3572
969
2426
5541
1810
2385
9081
5966
2757
918
3558
7246
237
7558
8068
860
4826
8727
3568
86
2534
8005
8727
1997
3728
5626
7173
9792
4768
4396
9371
8673
8812
129
6860
6915
8422
5949
2148
9621
1551
1292
4374
7560
1261
2955
1280
4748
5364
896
9389
9737
4259
5690
1751
2601
7070
4994
1110
1139
1988
9713
3354
1938
6652
9292
7985
1732
865
8267
1413
7982
7863
2871
8069
9837
792
1905
9518
7783
6560
415
2118
2528
3729
2561
3269
8873
740
9682
1809
7474
365
5050
2292
8480
5433
1744
3916
9130
8279
3005
4991
6557
7840
5164
6104
5456
9316
9213
7650
6033
8755
3256
9552
6942
8564
3407
2151
2096
8805
9005
8937
9186
8400
4106
8879
4335
5591
4240
6114
3353
5068
5816
8358
6726
9855
1661
5315
8453
4532
5539
9505
1647
8688
7472
6367
6312
3776
1864
624
340
1478
5495
9523
7094
8241
695
9806
3268
8744
7985
4647
3943
516
2624
2862
3646
4439
8097
7065
1553
3964
3734
6237
6531
4539
7530
5287
1601
745
3664
4645
8888
9642
6820
5235
2643
885
5746
1045
5361
563
5301
3358
213
1698
8568
75
1831
2444
5369
879
3144
4495
5756
1212
4835
2953
3371
8939
9646
8642
6730
9384
2784
9462
7064
5997
2524
1917
7826
5144
9532
1801
3826
6636
7641
5164
3078
8146
8358
2435
6395
6137
5133
9714
7511
1585
9313
6909
2357
2464
1251
5409
8443
1150
8976
7005
6360
7860
9686
448
8714
6268
6631
1360
8972
9732
8791
6372
60
4933
8464
7247
4922
3531
7973
7834
5356
3008
6371
1116
9598
8825
274
2936
4343
1596
3403
4019
5287
4508
5253
4113
9789
8067
2824
1164
4853
5276
482
4255
3407
1386
5927
6949
1786
9176
6691
9177
1342
4557
7947
9193
8586
155
5410
988
4818
373
3911
9949
9386
7611
3996
8212
9840
4835
5313
6575
3619
8742
2799
9890
7618
9812
6801
1912
560
8612
2204
1540
7283
9484
5599
8249
1835
3690
7285
738
4304
8061
6471
9695
4916
2563
6127
3628
5431
4543
6584
6064
1225
1062
1761
3119
7259
7927
1568
5116
8750
5093
7283
7823
5933
7138
1297
4431
87
5625
9327
7036
7396
4968
9807
2203
137
3081
67
4287
5526
4219
5583
4512
4444
5601
1821
3163
6252
9559
6058
4438
3803
7885
2397
718
1809
706
9735
463
1633
5789
2069
4767
3011
4666
6979
5623
541
2128
5996
3391
3136
43
3644
2133
8911
6859
2150
4474
8586
3832
2673
7817
9240
2976
3373
4133
1827
9775
868
1326
893
9418
5803
9599
8161
1512
903
9767
9604
2637
2141
8385
9467
3300
7474
9731
5574
840
9105
3056
7097
8303
5787
1242
6555
4740
9064
3431
7463
7775
3963
8271
4544
6099
1140
800
9778
9508
3183
7709
4435
8084
1034
6458
5897
5640
9588
1452
9125
667
9649
7905
7308
3407
154
3132
7239
939
4353
9834
8496
1525
2834
8406
3245
4877
9813
5749
3449
1252
1343
4832
6941
8392
8505
6876
1294
7501
2040
4839
368
7641
9323
2912
9353
2492
1732
2483
6784
8569
5997
4449
5571
2966
7980
5192
2680
7468
673
2180
2907
7403
316
4289
5303
9342
747
348
6224
8534
8785
2693
1388
2005
6451
2131
8594
9642
4219
8004
9898
4116
5567
5519
4340
1108
9101
41
7493
2227
9453
9024
7373
13
6920
5206
1907
9
4134
4270
1537
1191
6499
1564
2764
5509
5483
7388
8796
381
8005
6419
5802
8158
3340
5433
8423
4405
3448
2939
9129
2455
1148
3484
6816
9774
1304
1075
4295
6415
5934
405
2102
6324
4162
7456
6549
5562
9418
9953
5883
2745
4837
8114
9331
8987
4008
8116
7600
4283
9267
2420
8327
3692
8739
237
8859
899
4080
5467
4455
6850
5878
9399
5731
4641
3921
2612
217
6603
3922
3860
5186
6899
9359
2903
3882
7873
502
5234
6578
8972
6833
1848
1524
2773
1013
8616
8992
8158
420
6882
8293
4358
6755
7719
8316
6659
1414
6828
846
9402
3368
7754
7398
8637
5686
6774
5569
6849
1403
2920
882
7675
5398
3162
2850
7511
9431
8399
3252
7781
8089
6445
5351
3601
5976
8728
2149
9196
2084
1725
9576
8524
6687
2855
8011
9549
4240
514
7598
6530
1994
8122
6964
3277
6918
590
39
7190
2204
8055
1643
5099
5953
271
7744
1220
5226
7952
6929
6034
8719
9546
8873
4084
9723
3216
6405
1190
2800
7567
7477
9014
6199
7356
252
7972
277
2761
4982
2997
5657
5236
233
4292
6561
4556
3940
6950
8253
3409
2197
6872
7691
6551
7383
711
4705
214
5720
9564
7002
9170
9976
8114
1223
5906
5661
9317
5815
5726
5492
1849
4689
3370
4130
7588
4606
8985
4472
2809
4164
144
437
1266
1004
8489
4869
9049
3381
9344
4135
9843
1282
2366
5645
7514
8478
367
4284
8389
1296
610
5363
9206
5801
8749
3593
8320
4858
282
7887
3042
3331
4417
916
8292
2454
2291
1095
3518
4698
7585
3287
6928
2908
9895
9655
2465
1807
3529
6061
7287
6420
2296
7401
5407
5701
6288
6435
730
7883
2065
9581
6613
8799
5608
3128
115
4189
3498
9394
2617
1429
7661
4572
4485
236
5666
666
4956
5647
7058
9572
5231
4183
9092
7578
873
9768
6857
8276
5528
3331
3093
5463
9621
1244
2377
2851
8705
2789
9089
4041
2782
8761
999
7866
648
6630
3859
5563
7822
6833
176
4293
2113
7133
8843
5672
4008
7862
4090
3424
3004
9256
1927
7551
2039
1197
6664
6058
7284
3987
3213
8800
7491
3595
9461
9205
9484
3198
908
5965
4221
2698
4373
7955
8881
4122
6016
2585
7023
3636
2777
1034
3788
6300
8925
2523
1662
3062
3577
721
2207
1369
4801
2924
8970
4862
3065
1696
3717
4488
308
7908
8746
6461
4934
147
5380
6546
6184
480
4467
3894
9560
4599
2572
4133
186
9615
623
9100
7360
1179
3222
5612
4305
9135
8936
6439
5416
6336
7687
6648
8396
4244
4732
5263
392
1017
4892
2250
4182
4066
9671
6047
6844
3883
6766
3829
4227
9453
8046
8851
9728
2173
525
7696
1506
959
9920
5546
6199
8761
3446
6658
7434
4674
8725
1844
2429
4329
9103
2692
4254
2129
6608
9268
3738
6666
4487
7906
8859
4267
6335
8526
2271
7195
6537
4409
5143
7440
5751
2922
7720
8607
4391
2266
9793
385
6682
751
7242
9270
448
1301
7397
3731
1554
2792
1012
1991
172
767
2551
3484
2661
306
8639
2985
1772
2428
8212
5444
6273
6603
5696
1285
957
292
2134
8085
2622
9012
9362
1205
7715
5090
8111
1004
8273
2384
3103
9576
2352
2335
1530
7877
1253
9026
3510
1867
9084
7387
9550
8417
5681
7474
6915
5888
6811
5508
8812
7827
8182
5928
4923
3882
6332
3933
2814
8494
9360
2319
3310
4367
8934
5752
4888
1113
1954
9587
4854
1172
7404
8827
137
8123
6988
6659
196
1860
6039
6255
808
1038
9222
975
2920
6937
2720
6635
5784
63
3940
5402
9559
3617
5589
2717
4614
6076
9457
7160
8644
6042
4800
3777
4999
5668
1862
97
2345
8277
820
503
5645
6938
6850
3532
8748
2150
2513
2897
1473
4898
2336
5796
7005
9105
2574
8434
9975
6834
9750
5542
7556
6479
3740
7967
3231
930
1186
8608
7525
9063
7527
1361
3775
4572
4685
8019
9133
4052
1909
3825
3276
3915
3449
6242
387
9173
1974
6906
7648
3488
4532
3584
9530
5079
6612
283
2786
2072
7349
4197
7035
8109
1298
450
1363
7814
5948
8969
9581
232
1935
1185
8813
3519
995
8087
4991
4959
4194
7595
8212
2792
144
9899
3034
3608
6156
7543
694
4538
3602
7380
3329
2220
5515
3292
5068
6942
1378
690
2162
5046
6787
2355
7881
1377
1506
1240
6403
3748
3092
5256
1783
1537
8926
7403
5703
4708
2505
3465
7103
4605
8799
8864
905
184
9749
9876
8639
3992
8740
6865
9454
8562
9685
1325
7043
1573
1193
456
773
3816
4034
5605
8382
6636
6034
9778
4407
2592
2430
3363
6623
516
1902
2254
1448
741
5316
3711
3263
2918
454
8267
3542
8784
3609
3633
9599
6240
7276
7084
1031
7198
3279
5110
8252
7167
6927
8727
3149
2384
1551
7627
9741
9251
6467
6641
3011
6550
4716
8623
2560
6254
107
3235
6334
995
500
2757
2066
7381
3713
1608
8334
7740
287
5663
8806
5693
7481
300
4156
8440
2400
9987
4346
3454
3956
7390
1676
8000
561
5946
3095
3859
6152
9918
7882
4976
2633
443
4399
7192
7610
8127
8398
580
7719
5268
5983
714
1254
2150
1401
3211
8149
4561
8284
9530
6066
4104
9160
7607
9335
386
9528
873
5425
5743
3326
3803
8811
3897
4843
3853
7468
6806
3995
4219
9881
5369
5883
8410
2888
7976
2841
5087
2194
4984
1895
4954
6036
5028
7354
9663
3571
5341
6229
5061
9257
5947
4877
8759
9088
690
5689
409
2922
8256
1529
5909
1451
5954
943
9154
1507
182
9550
2182
8940
8667
8046
1346
7884
4981
5160
7772
7223
8653
8948
7002
4005
1221
797
3946
2539
393
1086
9247
3609
3313
6348
437
5711
6611
4367
3189
8365
8789
8045
4164
6661
6800
3925
4871
3807
7840
9557
6689
6633
3352
6585
6844
3225
6178
6705
8886
6145
1236
7517
6707
9533
2734
5911
7776
2939
7808
9229
5800
3528
2201
4218
5567
3459
4874
6672
6987
5873
9849
6261
291
7388
5185
1255
1328
8856
5990
3756
9888
7796
8070
9034
1657
553
7819
7104
7642
2898
2845
2191
6109
1544
6117
8569
777
825
4493
3604
6181
3157
6659
8267
4662
9604
5131
5634
1833
5815
5732
3747
7644
6762
771
8810
9606
1026
9195
9513
343
9369
2735
8233
5370
4131
5118
6574
1336
2875
6525
7909
8150
8592
2018
9388
3790
870
6828
4127
6347
2890
7904
6619
749
7205
4895
9088
1597
2620
3699
4744
6299
2306
7160
1758
1587
7371
6983
9660
5853
5086
1069
2710
756
309
5595
2029
4846
6660
8151
1313
8810
4340
767
4758
6409
7531
8173
4753
9714
7818
1302
9935
8073
6627
2957
7906
4570
9588
5093
9305
1423
3284
4179
8843
9058
121
7170
896
668
6660
6768
5980
1435
506
5797
7945
6242
4543
7507
7056
1834
7825
137
3539
7686
5918
6786
1994
5573
3731
2747
4568
2929
3907
7746
5337
7940
5424
1594
1898
9930
313
9850
3381
8177
1823
549
4280
6445
7893
852
1905
3800
4933
624
7192
6310
6425
5452
6457
6279
3132
3678
2748
8566
4510
8030
7379
3070
125
9303
2383
3709
3815
6811
6719
7408
89
8756
9735
6701
2178
8660
5609
976
3753
1341
4434
1005
3127
285
9571
7092
8131
6242
650
3139
9193
1819
7933
261
6294
2190
1027
7848
8098
3494
3215
3037
3130
4069
7466
1688
5672
6695
9643
8166
5154
6711
9989
2079
9868
3770
7085
1953
667
8521
3687
5804
8872
2173
1308
5868
2940
1251
8378
9009
7310
8575
3048
9418
6598
3740
9396
9440
4829
1921
5707
7839
3523
5600
485
6671
3341
3880
9274
8801
8793
6986
5461
180
9983
2744
6723
3832
7414
6073
5032
7466
4767
346
4639
4717
7538
6767
2027
6906
3652
9766
5214
6846
2274
8908
4789
2834
5580
649
9151
9400
2801
5111
601
8785
866
2496
5719
5643
3926
5157
4112
760
2922
4891
4695
6170
1298
7631
1809
2362
5185
7290
7176
9559
1729
5376
7675
6188
447
3171
7855
6571
8566
7444
3735
9013
230
9129
5915
9531
5505
8074
1512
7871
5394
8294
4596
4739
5754
3443
2988
419
6936
8546
652
1391
660
1904
4858
7200
4969
6120
8495
8892
621
2822
3347
3445
462
9128
9428
4459
2266
8461
8546
8706
3963
4703
6955
862
7933
3020
6766
2139
7597
4080
3710
7785
6688
1023
421
916
8190
3998
6226
1057
3385
3713
4480
8053
2205
9343
5061
4288
6758
4257
7780
470
2089
4906
5807
8510
656
5857
8348
6788
5813
7097
3299
1705
7497
305
1153
3786
4066
8423
1372
878
7663
8488
1988
136
5546
5203
5026
5805
2793
2555
4912
5695
5280
8875
9684
3176
6166
1140
3674
3299
1058
9297
5278
7667
5507
8924
3267
9175
5513
6921
6082
8165
8819
8064
610
8756
7046
3976
976
5974
4182
3327
6667
4577
7988
7878
6559
1823
9780
6649
1069
3243
9530
9724
3603
9548
2417
5073
6845
2799
615
4759
3895
1212
4809
3452
7485
5835
9750
8434
5378
1295
8722
592
5561
9664
8170
9743
724
279
5934
3125
2710
8226
3776
1407
6839
7767
9096
8918
4564
4133
2817
9908
2976
8790
4948
3345
1499
4225
4447
3686
8684
3677
3025
8002
7022
4975
9444
858
4245
20
7896
2283
9260
5962
4632
1132
5709
2952
8859
6271
1788
3983
3146
4022
8608
4344
7721
2482
1406
3740
5779
4406
4547
8291
2598
8906
7038
