3
3
5
6
6
6
6
7
8
9
9
10
13
14
16
17
17
17
18
19
20
21
22
22
23
24
24
25
27
28
30
30
31
32
32
32
33
35
36
37
39
39
39
42
44
44
46
46
47
51
54
55
55
56
56
57
58
58
60
61
61
62
62
62
63
63
63
64
64
67
68
70
73
73
73
74
74
74
75
75
78
79
79
79
80
81
84
85
86
86
87
88
89
90
91
93
98
100
100
101
102
105
106
106
107
107
107
108
108
108
109
112
112
114
115
115
115
116
116
118
119
120
120
121
122
123
124
126
126
127
127
128
128
129
129
129
129
130
132
134
135
138
139
140
141
141
143
143
144
144
144
145
146
146
147
148
148
149
149
149
150
152
153
154
155
155
155
157
157
161
161
162
163
163
163
164
164
165
165
165
166
166
167
167
167
168
168
168
169
169
169
171
171
172
172
173
173
174
176
176
177
178
179
180
180
181
182
182
183
183
184
184
185
188
188
189
190
191
192
193
194
195
196
199
199
202
202
203
203
204
205
208
211
211
214
215
215
216
217
220
220
220
220
221
223
224
226
227
227
227
227
228
229
231
233
234
234
236
237
238
238
238
239
241
241
242
243
243
244
245
245
245
247
247
248
249
250
250
251
251
251
251
255
255
256
256
258
260
262
264
266
268
270
270
270
270
271
272
272
273
275
275
276
276
276
277
278
279
279
280
280
281
282
282
284
285
286
291
292
292
293
296
298
298
299
300
302
303
303
304
304
306
307
307
309
310
312
312
313
316
316
317
317
319
320
322
323
324
324
327
328
329
329
331
331
334
336
336
338
340
342
345
345
347
347
348
348
350
352
354
355
355
357
360
360
362
367
368
371
371
372
374
376
377
380
381
382
384
385
386
386
387
387
388
390
390
390
390
392
395
396
398
399
399
400
401
401
401
401
402
403
404
404
406
406
408
408
409
410
411
412
412
412
413
413
414
414
414
414
415
417
418
419
419
420
420
421
422
422
425
425
426
427
427
428
428
430
430
430
436
436
436
437
437
438
440
441
443
443
443
444
445
446
446
447
447
447
448
448
450
450
452
452
452
452
454
455
456
457
458
458
458
459
461
461
462
465
466
467
470
472
472
473
474
475
475
476
478
479
480
480
480
482
482
483
485
487
487
488
488
488
489
490
490
494
495
495
496
497
500
500
501
501
504
504
504
505
507
508
508
509
509
510
511
514
514
514
515
516
517
518
518
519
520
520
522
523
524
524
525
525
526
526
526
528
528
529
532
534
536
536
537
537
538
540
542
543
545
546
548
549
550
550
551
553
554
555
556
558
558
559
560
560
561
561
562
565
566
566
566
567
569
570
570
575
579
579
581
581
581
583
583
584
584
584
585
585
588
588
589
591
591
592
593
593
594
594
596
597
599
601
601
602
603
603
604
605
608
609
614
614
615
617
617
618
620
621
622
622
622
623
623
623
624
624
627
627
627
628
629
629
631
632
633
634
638
639
639
639
640
640
640
641
641
641
644
645
646
646
647
648
649
649
649
650
651
651
653
653
653
656
659
660
661
665
666
667
668
669
670
671
672
672
676
676
677
677
679
680
680
682
682
684
684
686
688
688
689
689
692
692
693
693
694
696
696
698
699
699
700
702
703
704
704
704
705
705
705
705
707
709
712
717
717
717
717
718
719
719
721
722
725
727
728
728
729
729
729
730
730
733
733
733
734
737
737
739
740
741
741
743
747
751
753
754
754
755
756
756
757
758
758
763
764
764
765
766
766
766
768
768
769
770
770
770
770
771
771
772
772
773
774
775
776
777
779
779
781
783
784
784
786
787
788
791
791
792
792
792
794
794
796
796
797
797
799
801
801
801
802
803
803
804
805
805
806
806
808
809
809
810
811
813
815
815
815
818
819
819
820
821
821
822
823
824
825
826
827
828
829
829
831
831
831
833
835
835
836
838
839
840
842
842
843
844
846
848
848
849
853
854
854
856
859
859
859
860
861
862
863
864
865
867
868
869
871
872
877
877
877
878
878
883
884
886
886
886
887
887
888
888
893
897
898
902
903
903
903
905
906
907
907
908
910
911
911
912
913
914
914
916
917
917
920
921
923
924
924
924
925
925
925
926
926
928
928
930
931
932
933
934
935
935
935
937
940
941
941
942
943
945
945
946
947
947
948
948
948
949
950
951
951
952
952
953
953
955
956
958
960
961
962
963
967
967
969
969
970
973
974
975
976
976
976
977
977
978
978
983
984
985
987
988
989
990
990
992
996
998
998
