9999
9998
9996
9995
9994
9992
9992
9991
9991
9990
9990
9989
9989
9988
9988
9987
9987
9986
9986
9985
9984
9983
9983
9981
9980
9976
9976
9976
9976
9975
9974
9973
9971
9970
9967
9966
9966
9966
9964
9961
9958
9958
9957
9956
9955
9955
9953
9953
9953
9952
9950
9949
9947
9947
9945
9942
9942
9942
9942
9941
9941
9939
9937
9936
9935
9933
9933
9932
9931
9930
9930
9930
9926
9925
9924
9923
9923
9920
9920
9919
9918
9917
9916
9915
9913
9910
9909
9908
9908
9907
9907
9907
9906
9906
9905
9904
9901
9899
9898
9898
9897
9895
9895
9895
9891
9890
9889
9888
9886
9883
9881
9881
9879
9878
9876
9876
9874
9874
9872
9871
9871
9869
9869
9868
9868
9867
9862
9861
9860
9860
9858
9857
9857
9857
9855
9855
9851
9850
9849
9847
9846
9844
9843
9842
9841
9840
9837
9835
9834
9832
9828
9828
9823
9822
9822
9821
9821
9820
9819
9818
9818
9817
9816
9814
9813
9813
9812
9810
9809
9809
9808
9807
9807
9807
9806
9806
9806
9804
9803
9802
9801
9800
9796
9795
9794
9794
9794
9793
9792
9791
9791
9791
9789
9789
9789
9786
9786
9785
9783
9783
9782
9782
9780
9779
9779
9779
9778
9778
9777
9777
9776
9775
9775
9774
9774
9772
9771
9770
9768
9768
9767
9767
9766
9766
9766
9765
9765
9764
9761
9760
9759
9757
9756
9750
9750
9749
9749
9747
9746
9744
9744
9744
9743
9741
9741
9741
9740
9740
9739
9737
9735
9735
9734
9732
9732
9731
9730
9730
9729
9728
9727
9725
9724
9724
9723
9721
9719
9719
9717
9714
9714
9713
9713
9711
9706
9704
9703
9703
9702
9700
9697
9697
9696
9695
9692
9692
9691
9691
9691
9690
9690
9690
9690
9688
9687
9687
9686
9686
9685
9685
9684
9684
9684
9683
9682
9682
9679
9679
9677
9677
9676
9675
9671
9671
9670
9669
9668
9668
9666
9666
9666
9665
9664
9664
9663
9662
9662
9660
9660
9655
9655
9655
9652
9650
9650
9649
9649
9646
9646
9646
9646
9643
9642
9642
9642
9642
9639
9639
9638
9637
9637
9635
9634
9633
9632
9631
9629
9629
9627
9624
9622
9621
9621
9621
9620
9620
9618
9616
9615
9613
9612
9611
9611
9610
9609
9608
9607
9607
9607
9606
9604
9604
9602
9602
9602
9600
9599
9599
9599
9598
9598
9597
9591
9591
9589
9589
9589
9589
9588
9588
9588
9587
9587
9587
9587
9585
9585
9583
9581
9581
9579
9578
9578
9577
9576
9576
9576
9576
9572
9571
9571
9571
9570
9569
9566
9564
9564
9562
9561
9560
9559
9559
9559
9557
9556
9555
9555
9552
9551
9550
9550
9550
9549
9548
9548
9547
9547
9547
9547
9546
9546
9545
9544
9542
9541
9539
9539
9539
9538
9537
9536
9536
9536
9535
9535
9535
9535
9534
9534
9533
9533
9532
9532
9531
9531
9530
9530
9530
9530
9528
9527
9527
9525
9525
9523
9522
9521
9521
9521
9520
9518
9518
9513
9512
9511
9510
9509
9508
9508
9508
9506
9505
9505
9505
9505
9503
9503
9502
9499
9497
9495
9495
9494
9492
9490
9489
9489
9488
9488
9487
9486
9486
9485
9484
9484
9484
9484
9483
9483
9482
9479
9477
9476
9476
9476
9475
9472
9468
9467
9466
9466
9465
9464
9463
9463
9462
9461
9460
9457
9457
9457
9456
9456
9454
9453
9453
9453
9451
9451
9451
9450
9450
9449
9449
9449
9449
9448
9448
9447
9447
9447
9447
9444
9444
9443
9443
9442
9440
9438
9437
9437
9437
9436
9435
9434
9434
9433
9432
9431
9431
9430
9429
9429
9428
9428
9428
9425
9425
9423
9421
9420
9420
9418
9418
9418
9418
9418
9417
9416
9413
9413
9412
9411
9411
9408
9407
9404
9404
9403
9402
9402
9402
9400
9400
9399
9399
9396
9396
9394
9394
9390
9389
9389
9388
9386
9386
9386
9385
9385
9384
9384
9383
9380
9380
9375
9374
9373
9371
9370
9369
9368
9367
9365
9364
9364
9362
9360
9359
9359
9359
9359
9358
9358
9357
9355
9353
9352
9351
9349
9349
9346
9345
9345
9344
9344
9343
9343
9342
9342
9341
9341
9340
9340
9339
9337
9336
9335
9335
9335
9333
9331
9331
9330
9329
9329
9327
9325
9323
9320
9318
9317
9317
9317
9316
9316
9315
9313
9311
9311
9311
9310
9306
9305
9303
9303
9302
9301
9301
9298
9298
9297
9296
9293
9293
9292
9291
9291
9291
9289
9289
9287
9287
9285
9284
9281
9281
9278
9278
9274
9274
9272
9272
9270
9270
9269
9268
9267
9266
9266
9264
9263
9263
9261
9261
9261
9260
9257
9257
9257
9257
9256
9255
9255
9252
9251
9250
9249
9249
9247
9246
9246
9242
9241
9240
9238
9237
9237
9237
9235
9234
9233
9232
9230
9229
9229
9229
9228
9227
9226
9224
9222
9220
9213
9210
9210
9208
9207
9206
9206
9205
9205
9203
9203
9202
9202
9200
9200
9198
9196
9195
9194
9193
9193
9193
9190
9186
9185
9183
9181
9181
9181
9180
9179
9177
9176
9176
9176
9175
9175
9175
9173
9171
9171
9170
9170
9170
9167
9166
9161
9161
9160
9158
9154
9153
9153
9151
9151
9151
9150
9149
9147
9144
9143
9142
9142
9140
9140
9139
9138
9137
9135
9135
9135
9135
9133
9133
9132
9131
9131
9130
9130
9129
9129
9128
9128
9128
9127
9125
9125
9124
9123
9123
9121
9120
9118
9117
9117
9114
9113
9112
9112
9111
9109
9109
9108
9108
9108
9107
9107
9107
9107
9105
9105
9103
9103
9101
9101
9101
9101
9100
9100
9100
9099
9097
9097
9096
9096
9093
9092
9091
9090
9090
9090
9090
9089
9088
9088
9088
9088
9086
9084
9084
9084
9081
9079
9078
9074
9074
9073
9072
9071
9071
9071
9069
9067
9066
9065
9064
9063
9063
9060
9058
9055
9054
9050
9050
9050
9050
9049
9049
9049
9046
9042
9042
9038
9034
9034
9034
9033
9031
9030
9029
9028
9027
9026
9026
9024
9024
9023
9023
9022
9022
9022
9021
9020
9020
9014
9013
9012
9010
9009
9009
9008
9006
9005
9005
9002
9001
8992
8990
8990
8988
8988
8987
8985
8985
8983
8982
8982
8982
8981
8981
8980
8980
8980
8977
8976
8976
8975
8973
8972
8972
8970
8970
8969
8968
8968
8967
8967
8965
8964
8963
8962
8961
8961
8960
8959
8957
8957
8953
8952
8950
8950
8948
8946
8945
8941
8941
8941
8940
8939
8939
8939
8937
8937
8937
8936
8936
8936
8935
8934
8934
8934
8934
8934
8933
8933
8933
8932
8931
8931
8930
8930
8930
8930
8929
8929
8928
8927
8926
8925
8925
8924
8924
8922
8922
8921
8921
8919
8918
8917
8914
8912
8911
8909
8908
8908
8907
8907
8906
8903
8902
8899
8898
8898
8895
8894
8892
8892
8890
8890
8889
8889
8888
8887
8886
8886
8885
8884
8883
8882
8882
8881
8881
8881
8881
8880
8879
8878
8877
8875
8874
8873
8873
8873
8873
8873
8872
8870
8868
8864
8864
8862
8859
8859
8859
8859
8858
8856
8856
8851
8851
8849
8849
8847
8845
8844
8844
8843
8843
8843
8842
8839
8837
8837
8836
8836
8836
8834
8829
8828
8827
8827
8826
8825
8825
8825
8823
8822
8822
8821
8821
8820
8819
8818
8818
8814
8813
8813
8812
8812
8812
8811
8810
8810
8810
8810
8809
8806
8805
8804
8803
8802
8801
8801
8800
8800
8799
8799
8797
8796
8796
8796
8796
8795
8795
8793
8791
8791
8791
8791
8790
8790
8789
8789
8788
8785
8785
8785
8784
8784
8784
8784
8783
8783
8782
8781
8781
8781
8781
8780
8775
8775
8775
8774
8774
8772
8771
8769
8768
8768
8767
8765
8764
8763
8762
8761
8761
8761
8760
8759
8759
8756
8756
8756
8755
8755
8753
8751
8750
8749
8749
8748
8748
8747
8747
8747
8747
8747
8746
8744
8744
8744
8743
8743
8742
8741
8740
8739
8738
8736
8736
8735
8735
8734
8733
8733
8729
8729
8728
8727
8727
8727
8727
8725
8723
8722
8719
8718
8718
8717
8717
8715
8714
8714
8713
8711
8710
8710
8709
8709
8706
8706
8705
8705
8704
8704
8703
8703
8702
8701
8701
8699
8698
8698
8696
8695
8692
8690
8690
8689
8688
8688
8687
8687
8684
8684
8684
8683
8683
8680
8678
8678
8678
8678
8676
8676
8676
8675
8674
8673
8673
8670
8670
8667
8667
8665
8663
8661
8661
8661
8661
8660
8660
8659
8656
8656
8656
8653
8652
8650
8650
8648
8646
8646
8646
8644
8643
8642
8640
8639
8639
8638
8638
8638
8637
8635
8635
8633
8632
8631
8629
8628
8627
8626
8626
8624
8624
8623
8623
8623
8621
8617
8616
8616
8616
8613
8613
8613
8612
8612
8609
8609
8608
8608
8607
8607
8607
8604
8603
8601
8599
8596
8596
8596
8596
8594
8594
8593
8593
8592
8592
8592
8592
8589
8589
8589
8586
8586
8585
8585
8581
8580
8580
8580
8579
8579
8577
8575
8574
8573
8572
8571
8569
8569
8569
8568
8568
8568
8567
8566
8566
8565
8564
8564
8564
8563
8562
8562
8561
8560
8559
8558
8558
8556
8555
8555
8554
8550
8550
8550
8549
8548
8546
8546
8546
8545
8541
8541
8539
8538
8538
8536
8536
8536
8535
8534
8531
8531
8530
8530
8530
8530
8529
8527
8526
8526
8526
8525
8524
8524
8522
8521
8521
8519
8517
8515
8514
8513
8513
8513
8510
8510
8507
8506
8506
8506
8505
8505
8503
8500
8499
8498
8497
8496
8496
8495
8495
8494
8493
8490
8489
8488
8486
8484
8484
8480
8478
8476
8474
8474
8473
8473
8473
8472
8472
8471
8470
8468
8466
8466
8464
8464
8464
8464
8463
8462
8461
8461
8461
8455
8453
8453
8453
8452
8451
8450
8450
8447
8447
8446
8445
8444
8444
8443
8443
8443
8442
8441
8441
8440
8440
8438
8438
8437
8437
8434
8434
8433
8432
8431
8431
8430
8425
8425
8423
8423
8422
8421
8420
8418
8418
8418
8418
8417
8417
8416
8416
8416
8412
8411
8411
8410
8406
8403
8402
8402
8400
8399
8398
8396
8396
8395
8392
8392
8392
8392
8391
8389
8387
8385
8385
8382
8382
8381
8380
8379
8378
8378
8377
8375
8375
8374
8373
8371
8368
8368
8367
8367
8367
8367
8365
8365
8365
8365
8360
8359
8359
8358
8358
8358
8356
8353
8352
8348
8348
8346
8344
8343
8343
8340
8340
8337
8336
8335
8334
8332
8332
8331
8330
8329
8329
8327
8325
8322
8321
8320
8317
8317
8316
8316
8316
8316
8316
8316
8315
8314
8314
8310
8309
8309
8309
8307
8303
8298
8295
8295
8294
8294
8294
8293
8293
8293
8292
8292
8292
8291
8289
8286
8284
8284
8283
8282
8280
8280
8279
8279
8279
8278
8278
8278
8277
8277
8276
8276
8275
8274
8273
8272
8271
8271
8268
8267
8267
8267
8267
8263
8261
8261
8259
8258
8258
8256
8256
8256
8255
8254
8253
8253
8253
8252
8252
8250
8249
8249
8248
8244
8241
8239
8238
8236
8235
8235
8235
8235
8233
8233
8231
8231
8231
8231
8230
8229
8229
8227
8227
8226
8226
8225
8222
8222
8220
8217
8217
8212
8212
8212
8212
8211
8211
8210
8210
8209
8207
8206
8205
8204
8203
8203
8200
8199
8197
8197
8196
8195
8192
8192
8191
8190
8184
8182
8182
8178
8178
8178
8178
8177
8177
8175
8173
8173
8172
8171
8171
8170
8168
8166
8165
8165
8165
8165
8164
8163
8163
8162
8161
8160
8158
8158
8158
8157
8154
8153
8152
8151
8150
8150
8150
8150
8149
8149
8146
8146
8146
8145
8145
8145
8137
8136
8135
8133
8133
8132
8131
8131
8130
8130
8128
8127
8127
8126
8124
8124
8123
8122
8122
8119
8117
8117
8117
8116
8114
8114
8113
8113
8111
8111
8111
8110
8109
8105
8104
8102
8100
8099
8098
8098
8097
8097
8096
8094
8093
8093
8092
8091
8090
8089
8088
8087
8087
8087
8085
8084
8084
8084
8082
8082
8081
8081
8080
8080
8080
8078
8078
8077
8076
8076
8076
8076
8075
8075
8074
8074
8073
8072
8072
8070
8069
8069
8068
8068
8067
8067
8067
8066
8066
8064
8064
8063
8061
8061
8061
8059
8056
8056
8056
8055
8053
8053
8052
8051
8050
8050
8048
8047
8047
8047
8046
8046
8046
8046
8045
8044
8044
8042
8040
8038
8036
8036
8036
8036
8035
8035
8030
8030
8028
8027
8025
8019
8019
8014
8014
8012
8011
8010
8009
8007
8006
8005
8005
8004
8004
8004
8003
8002
8002
8000
7999
7998
7998
7998
7996
7992
7991
7990
7988
7988
7985
7985
7983
7982
7982
7980
7979
7978
7978
7977
7977
7977
7976
7975
7974
7974
7973
7973
7973
7973
7972
7970
7967
7967
7966
7960
7960
7960
7960
7958
7957
7957
7955
7955
7954
7953
7953
7952
7952
7951
7949
7947
7945
7945
7944
7943
7942
7941
7940
7940
7940
7938
7937
7936
7936
7934
7934
7933
7933
7933
7933
7933
7933
7930
7930
7930
7929
7929
7928
7927
7926
7925
7922
7922
7922
7920
7919
7918
7918
7915
7915
7912
7912
7911
7911
7909
7908
7908
7906
7906
7906
7906
7905
7905
7904
7904
7904
7903
7902
7901
7896
7896
7896
7895
7893
7893
7892
7891
7891
7888
7887
7886
7886
7886
7885
7885
7885
7885
7885
7884
7884
7883
7882
7881
7881
7881
7880
7879
7879
7878
7877
7877
7877
7876
7876
7873
7872
7871
7871
7870
7868
7867
7866
7866
7865
7864
7863
7862
7861
7860
7859
7859
7858
7857
7857
7857
7856
7856
7855
7855
7849
7849
7848
7847
7845
7845
7844
7840
7840
7840
7839
7839
7837
7837
7836
7834
7834
7830
7829
7829
7827
7827
7827
7827
7826
7826
7825
7824
7823
7822
7821
7821
7821
7820
7820
7820
7819
7818
7817
7817
7814
7814
7813
7810
7809
7809
7809
7808
7808
7808
7805
7804
7804
7802
7802
7800
7799
7798
7797
7797
7796
7795
7794
7794
7794
7793
7793
7793
7791
7790
7789
7786
7785
7785
7785
7785
7784
7783
7782
7781
7781
7780
7776
7776
7775
7772
7772
7770
7770
7768
7768
7768
7768
7767
7767
7765
7762
7762
7759
7757
7756
7756
7754
7754
7751
7750
7746
7744
7744
7741
7740
7739
7739
7738
7738
7737
7737
7736
7733
7733
7730
7730
7727
7724
7723
7721
7721
7721
7720
7720
7719
7719
7719
7716
7715
7714
7714
7712
7709
7707
7706
7704
7704
7703
7702
7702
7697
7697
7696
7696
7696
7696
7695
7694
7694
7693
7692
7691
7688
7687
7687
7686
7686
7685
7685
7685
7684
7682
7679
7676
7676
7675
7675
7674
7674
7673
7671
7669
7668
7668
7667
7666
7666
7663
7663
7662
7661
7661
7660
7659
7658
7657
7656
7650
7649
7648
7648
7647
7647
7645
7645
7644
7644
7642
7641
7641
7640
7638
7637
7636
7635
7634
7633
7632
7631
7631
7631
7631
7630
7628
7627
7627
7624
7623
7623
7623
7622
7622
7618
7618
7614
7614
7611
7611
7610
7610
7608
7607
7606
7606
7605
7604
7604
7602
7602
7601
7600
7598
7598
7597
7597
7597
7596
7596
7595
7595
7591
7589
7588
7587
7585
7585
7585
7584
7583
7580
7579
7578
7576
7575
7572
7571
7569
7569
7568
7568
7567
7567
7567
7566
7565
7565
7563
7563
7561
7560
7559
7558
7558
7556
7554
7551
7551
7551
7550
7549
7548
7546
7546
7545
7543
7541
7539
7538
7538
7536
7535
7531
7531
7530
7530
7529
7528
7527
7525
7525
7524
7523
7522
7521
7520
7519
7518
7517
7516
7515
7514
7513
7513
7513
7512
7512
7512
7511
7511
7509
7507
7507
7506
7505
7504
7501
7497
7497
7495
7494
7494
7493
7492
7491
7491
7491
7486
7486
7485
7483
7483
7483
7483
7481
7480
7480
7479
7477
7474
7474
7474
7473
7473
7472
7472
7472
7469
7468
7468
7468
7468
7467
7466
7466
7466
7466
7466
7464
7464
7464
7463
7461
7461
7461
7460
7460
7459
7456
7456
7455
7454
7454
7453
7452
7452
7451
7450
7450
7450
7448
7445
7444
7444
7441
7440
7440
7439
7436
7435
7434
7434
7434
7434
7430
7430
7430
7428
7428
7428
7427
7427
7423
7419
7419
7418
7417
7414
7414
7413
7411
7411
7409
7408
7408
7406
7404
7403
7403
7403
7402
7401
7401
7401
7400
7400
7399
7398
7398
7397
7396
7395
7394
7393
7393
7393
7390
7388
7388
7387
7387
7386
7386
7385
7383
7381
7380
7379
7379
7379
7378
7378
7377
7375
7373
7372
7371
7371
7370
7370
7368
7367
7366
7366
7366
7365
7365
7365
7364
7360
7358
7356
7356
7356
7354
7354
7353
7352
7352
7352
7351
7349
7349
7346
7345
7345
7344
7344
7344
7343
7342
7341
7337
7336
7336
7334
7333
7332
7330
7329
7326
7325
7325
7325
7324
7324
7323
7322
7321
7320
7319
7318
7317
7317
7317
7316
7315
7314
7313
7312
7310
7310
7310
7310
7309
7309
7309
7308
7306
7306
7305
7302
7301
7299
7299
7298
7297
7296
7296
7294
7293
7292
7290
7287
7287
7286
7285
7284
7283
7283
7282
7280
7278
7276
7276
7276
7275
7274
7274
7273
7271
7270
7266
7264
7263
7261
7259
7259
7258
7255
7255
7255
7253
7251
7250
7247
7247
7247
7246
7246
7245
7243
7243
7242
7241
7240
7239
7239
7236
7236
7234
7232
7231
7230
7229
7229
7228
7226
7225
7223
7222
7222
7221
7220
7220
7219
7218
7217
7216
7214
7213
7213
7209
7208
7205
7205
7204
7201
7200
7200
7199
7198
7198
7197
7195
7194
7192
7192
7192
7191
7190
7185
7183
7182
7182
7179
7178
7176
7176
7176
7175
7175
7174
7173
7173
7172
7172
7171
7171
7170
7170
7170
7169
7167
7165
7164
7162
7160
7160
7160
7159
7159
7157
7156
7152
7151
7150
7148
7146
7146
7144
7144
7139
7138
7137
7137
7134
7133
7133
7133
7133
7133
7131
7129
7128
7125
7122
7122
7118
7118
7117
7117
7112
7111
7111
7110
7109
7109
7109
7107
7107
7106
7106
7104
7103
7101
7101
7100
7100
7099
7098
7098
7097
7097
7096
7095
7095
7094
7094
7092
7092
7091
7087
7085
7085
7085
7084
7084
7081
7078
7077
7077
7076
7076
7076
7073
7073
7072
7070
7066
7066
7065
7064
7061
7060
7060
7058
7057
7056
7056
7056
7055
7050
7049
7049
7049
7047
7047
7046
7043
7041
7039
7038
7038
7037
7036
7036
7035
7034
7033
7033
7030
7029
7027
7026
7026
7024
7023
7023
7022
7022
7022
7022
7022
7021
7020
7018
7018
7018
7016
7013
7011
7011
7008
7005
7005
7005
7004
7003
7003
7002
7002
7000
6999
6997
6996
6994
6994
6990
6988
6987
6986
6986
6985
6985
6984
6983
6980
6979
6979
6979
6978
6977
6976
6975
6975
6974
6971
6970
6968
6966
6966
6966
6966
6964
6961
6959
6959
6959
6957
6957
6956
6955
6953
6951
6950
6950
6949
6949
6947
6946
6946
6945
6945
6944
6944
6943
6942
6942
6942
6942
6941
6940
6938
6938
6937
6936
6936
6935
6931
6931
6930
6929
6929
6928
6927
6926
6925
6923
6922
6922
6922
6921
6921
6921
6920
6920
6918
6918
6918
6918
6917
6917
6915
6915
6913
6912
6911
6909
6909
6909
6909
6907
6906
6906
6906
6905
6904
6904
6904
6903
6903
6902
6902
6902
6901
6900
6899
6899
6896
6895
6894
6890
6890
6890
6890
6889
6889
6888
6887
6887
6887
6885
6884
6883
6882
6882
6881
6881
6881
6877
6876
6875
6874
6872
6872
6871
6870
6870
6870
6868
6866
6865
6865
6864
6862
6862
6862
6862
6860
6860
6859
6857
6856
6855
6855
6855
6854
6852
6850
6850
6849
6849
6848
6847
6847
6847
6846
6845
6844
6844
6842
6839
6838
6837
6837
6836
6835
6834
6834
6833
6833
6833
6832
6831
6830
6829
6829
6828
6828
6827
6821
6821
6820
6817
6817
6816
6816
6815
6813
6811
6811
6810
6808
6807
6806
6806
6802
6802
6801
6800
6798
6794
6794
6788
6788
6787
6786
6784
6784
6782
6780
6780
6776
6776
6776
6774
6774
6773
6772
6771
6770
6768
6768
6767
6767
6766
6766
6764
6764
6762
6762
6760
6759
6758
6755
6753
6751
6751
6747
6747
6745
6745
6745
6742
6741
6740
6737
6737
6736
6735
6734
6733
6733
6732
6732
6732
6730
6730
6730
6729
6727
6726
6725
6725
6725
6724
6724
6723
6720
6720
6720
6719
6718
6716
6713
6712
6711
6711
6711
6711
6710
6710
6709
6708
6707
6705
6704
6703
6702
6701
6699
6695
6692
6691
6689
6689
6688
6688
6687
6687
6687
6684
6684
6682
6682
6682
6679
6677
6675
6674
6672
6671
6670
6670
6669
6669
6667
6667
6666
6666
6665
6664
6664
6662
6661
6660
6660
6659
6659
6659
6659
6659
6659
6658
6658
6656
6652
6652
6651
6651
6651
6650
6649
6648
6647
6647
6647
6646
6644
6644
6643
6641
6639
6638
6636
6636
6635
6633
6633
6633
6631
6631
6630
6630
6630
6630
6629
6627
6626
6623
6622
6621
6619
6618
6617
6616
6616
6615
6614
6613
6612
6612
6611
6611
6608
6608
6607
6607
6607
6606
6603
6603
6603
6603
6602
6600
6599
6598
6596
6593
6592
6592
6591
6586
6586
6586
6586
6585
6585
6584
6583
6582
6581
6581
6581
6579
6579
6579
6578
6578
6576
6575
6575
6575
6574
6574
6573
6571
6569
6568
6567
6565
6564
6563
6563
6562
6561
6561
6560
6559
6557
6555
6554
6553
6551
6550
6550
6550
6550
6549
6549
6549
6546
6545
6544
6542
6542
6542
6542
6538
6538
6537
6537
6536
6535
6534
6531
6531
6531
6531
6530
6530
6528
6527
6527
6525
6525
6525
6524
6523
6522
6521
6518
6518
6518
6517
6517
6516
6515
6515
6515
6514
6512
6510
6509
6508
6508
6508
6507
6507
6506
6506
6506
6504
6503
6503
6502
6500
6499
6499
6496
6494
6493
6493
6493
6490
6489
6488
6487
6486
6486
6484
6484
6483
6483
6483
6482
6482
6481
6481
6480
6480
6479
6479
6475
6474
6471
6471
6470
6468
6467
6467
6467
6466
6465
6465
6463
6462
6461
6460
6460
6459
6458
6457
6457
6455
6454
6454
6454
6453
6452
6451
6451
6451
6448
6445
6445
6445
6444
6444
6443
6441
6439
6439
6439
6439
6439
6437
6435
6435
6434
6434
6433
6430
6429
6429
6428
6428
6427
6426
6425
6425
6422
6420
6419
6419
6419
6419
6417
6417
6416
6415
6412
6409
6408
6407
6407
6406
6405
6405
6404
6403
6403
6401
6400
6399
6395
6393
6393
6392
6391
6389
6388
6388
6387
6385
6384
6384
6382
6378
6378
6376
6374
6373
6373
6372
6372
6372
6371
6369
6368
6367
6367
6365
6364
6360
6360
6356
6354
6352
6352
6350
6349
6348
6347
6346
6346
6343
6342
6341
6341
6338
6336
6336
6335
6335
6334
6332
6331
6331
6331
6329
6329
6327
6325
6324
6324
6323
6322
6322
6321
6320
6319
6318
6316
6315
6315
6314
6312
6311
6310
6306
6301
6300
6300
6300
6299
6299
6298
6297
6295
6294
6294
6292
6289
6289
6288
6287
6286
6284
6282
6281
6279
6279
6279
6279
6278
6277
6276
6275
6275
6274
6274
6273
6273
6271
6271
6270
6269
6268
6267
6267
6265
6264
6261
6260
6257
6256
6255
6255
6254
6254
6254
6252
6252
6252
6252
6251
6250
6249
6248
6248
6247
6243
6242
6242
6242
6242
6242
6241
6240
6240
6240
6238
6237
6237
6236
6235
6232
6232
6232
6230
6230
6230
6229
6229
6229
6227
6226
6225
6224
6222
6222
6221
6221
6218
6218
6216
6215
6213
6213
6212
6208
6206
6205
6204
6202
6202
6199
6199
6199
6198
6198
6198
6198
6198
6198
6197
6197
6197
6196
6196
6196
6189
6189
6188
6187
6187
6186
6185
6184
6184
6181
6180
6178
6177
6177
6173
6170
6169
6169
6168
6166
6166
6163
6162
6162
6161
6161
6159
6158
6157
6156
6156
6152
6151
6145
6143
6141
6141
6141
6141
6140
6138
6137
6136
6136
6132
6131
6129
6129
6129
6127
6127
6126
6126
6126
6126
6124
6122
6122
6120
6119
6117
6116
6114
6111
6110
6109
6108
6107
6107
6107
6106
6105
6105
6104
6103
6102
6101
6101
6100
6100
6100
6100
6099
6095
6093
6093
6088
6087
6086
6083
6082
6082
6082
6080
6080
6078
6077
6076
6074
6074
6073
6073
6072
6071
6069
6067
6067
6067
6066
6064
6064
6063
6061
6061
6061
6060
6059
6058
6058
6058
6058
6054
6054
6053
6052
6051
6050
6048
6048
6048
6047
6047
6045
6042
6042
6042
6042
6042
6039
6039
6038
6038
6037
6037
6036
6034
6034
6033
6032
6028
6027
6025
6025
6024
6023
6020
6019
6017
6016
6016
6010
6008
6006
6005
6004
6004
6004
6001
6000
5998
5997
5997
5996
5996
5996
5996
5996
5993
5993
5992
5992
5991
5990
5990
5988
5987
5986
5983
5980
5978
5978
5978
5976
5976
5975
5974
5973
5973
5973
5973
5970
5970
5968
5968
5967
5967
5966
5966
5966
5965
5965
5964
5963
5963
5963
5962
5962
5960
5960
5960
5958
5957
5955
5954
5954
5953
5953
5952
5952
5951
5949
5949
5948
5948
5947
5947
5946
5940
5938
5938
5937
5937
5937
5937
5936
5935
5935
5934
5934
5933
5932
5932
5931
5930
5930
5928
5928
5927
5926
5925
5924
5922
5920
5920
5920
5920
5919
5919
5918
5918
5918
5917
5917
5915
5915
5914
5913
5911
5911
5911
5910
5909
5909
5908
5908
5907
5906
5906
5905
5903
5903
5902
5899
5898
5897
5895
5895
5894
5894
5892
5891
5891
5891
5891
5889
5889
5888
5887
5887
5886
5886
5883
5883
5882
5881
5881
5880
5878
5876
5874
5873
5873
5871
5869
5868
5867
5867
5866
5865
5865
5864
5860
5859
5858
5858
5858
5858
5857
5857
5856
5855
5854
5854
5853
5853
5852
5852
5852
5851
5850
5850
5847
5845
5845
5845
5844
5844
5839
5838
5837
5836
5836
5836
5836
5835
5834
5832
5830
5829
5828
5827
5826
5823
5823
5822
5821
5818
5817
5816
5815
5815
5815
5813
5811
5811
5811
5807
5807
5807
5805
5805
5804
5804
5803
5802
5802
5801
5800
5798
5797
5796
5796
5794
5793
5792
5791
5789
5789
5788
5787
5787
5786
5785
5785
5784
5782
5782
5779
5779
5779
5775
5774
5773
5771
5769
5768
5767
5767
5766
5766
5765
5765
5765
5765
5764
5763
5762
5762
5760
5760
5759
5757
5756
5756
5754
5753
5752
5752
5751
5750
5750
5749
5749
5748
5747
5747
5746
5745
5745
5743
5743
5741
5740
5739
5739
5738
5738
5734
5733
5733
5732
5731
5731
5728
5727
5727
5726
5725
5723
5722
5720
5720
5719
5719
5719
5716
5714
5713
5712
5712
5711
5710
5710
5709
5709
5708
5707
5703
5703
5702
5701
5700
5700
5698
5697
5696
5696
5696
5695
5695
5694
5693
5693
5692
5690
5690
5689
5689
5689
5688
5688
5687
5686
5686
5685
5682
5682
5682
5681
5680
5680
5679
5679
5676
5676
5672
5672
5669
5668
5666
5666
5666
5665
5663
5661
5661
5659
5658
5657
5656
5656
5656
5655
5654
5654
5653
5653
5647
5647
5645
5645
5645
5643
5641
5640
5640
5637
5637
5634
5634
5632
5632
5632
5631
5631
5630
5629
5629
5628
5626
5626
5626
5626
5625
5625
5625
5623
5622
5621
5619
5618
5618
5617
5615
5615
5612
5612
5612
5610
5609
5609
5609
5608
5608
5605
5605
5603
5603
5603
5601
5600
5600
5599
5599
5599
5599
5598
5597
5597
5596
5596
5595
5592
5591
5591
5589
5587
5586
5584
5583
5583
5581
5581
5580
5580
5579
5576
5574
5574
5574
5574
5573
5572
5572
5571
5571
5570
5569
5569
5567
5567
5567
5567
5566
5566
5565
5565
5565
5564
5563
5562
5561
5561
5561
5556
5555
5554
5554
5552
5551
5551
5546
5546
5546
5545
5544
5543
5543
5542
5541
5539
5539
5538
5533
5532
5532
5530
5529
5529
5529
5528
5527
5526
5524
5523
5522
5521
5520
5519
5519
5519
5517
5515
5515
5513
5512
5510
5509
5509
5509
5508
5508
5507
5507
5506
5505
5504
5504
5503
5501
5498
5495
5495
5494
5493
5493
5492
5492
5490
5489
5489
5486
5486
5483
5483
5483
5483
5483
5482
5482
5482
5481
5481
5481
5480
5479
5478
5478
5477
5477
5474
5474
5473
5472
5472
5469
5468
5468
5467
5467
5465
5464
5463
5463
5462
5461
5461
5460
5457
5456
5456
5456
5456
5455
5453
5453
5452
5451
5449
5448
5446
5444
5444
5442
5440
5434
5433
5433
5433
5431
5431
5429
5428
5427
5425
5424
5424
5424
5423
5420
5417
5416
5414
5412
5411
5410
5409
5408
5407
5407
5407
5405
5405
5402
5402
5402
5400
5399
5398
5395
5394
5393
5391
5389
5389
5388
5387
5385
5385
5385
5384
5384
5382
5381
5380
5379
5379
5378
5378
5378
5377
5377
5376
5375
5375
5372
5371
5370
5370
5369
5369
5364
5363
5362
5362
5361
5359
5358
5358
5357
5356
5353
5351
5349
5346
5345
5345
5344
5342
5341
5340
5340
5338
5337
5337
5334
5334
5334
5333
5332
5331
5330
5328
5327
5327
5326
5324
5324
5322
5321
5316
5316
5315
5314
5313
5310
5309
5307
5307
5304
5304
5304
5303
5303
5302
5301
5299
5299
5299
5295
5294
5294
5292
5290
5290
5287
5287
5285
5284
5282
5281
5280
5280
5279
5278
5278
5277
5276
5274
5270
5270
5269
5268
5268
5267
5266
5266
5263
5263
5263
5262
5262
5262
5262
5260
5258
5257
5256
5255
5254
5253
5253
5252
5252
5251
5248
5248
5248
5247
5247
5243
5243
5241
5238
5236
5235
5235
5235
5234
5234
5231
5227
5227
5226
5225
5221
5221
5216
5216
5214
5212
5212
5210
5209
5207
5206
5205
5205
5204
5203
5201
5200
5199
5197
5196
5193
5193
5193
5192
5190
5188
5186
5186
5186
5185
5185
5184
5183
5183
5181
5180
5175
5174
5174
5173
5172
5172
5172
5172
5171
5171
5164
5164
5164
5163
5161
5160
5157
5156
5155
5154
5148
5145
5144
5143
5143
5141
5140
5136
5135
5133
5133
5133
5131
5131
5130
5130
5130
5129
5125
5123
5123
5123
5122
5122
5119
5118
5116
5116
5115
5115
5112
5112
5112
5111
5111
5110
5110
5108
5108
5107
5105
5104
5103
5102
5101
5099
5099
5096
5093
5093
5092
5092
5091
5090
5090
5090
5089
5089
5089
5089
5087
5087
5086
5083
5082
5081
5080
5080
5079
5075
5074
5073
5068
5068
5068
5066
5066
5063
5062
5061
5061
5059
5058
5058
5056
5056
5055
5055
5053
5053
5052
5051
5051
5050
5049
5048
5048
5048
5048
5047
5046
5045
5043
5042
5039
5038
5035
5033
5032
5032
5031
5031
5030
5030
5029
5028
5028
5026
5026
5025
5024
5024
5020
5019
5018
5016
5016
5016
5016
5015
5014
5012
5011
5011
5011
5011
5008
5004
5004
5001
4999
4998
4998
4997
4997
4996
4994
4991
4991
4991
4991
4991
4990
4988
4987
4986
4986
4986
4984
4983
4982
4981
4981
4981
4978
4977
4977
4976
4976
4975
4975
4972
4972
4971
4971
4970
4970
4969
4968
4968
4964
4964
4963
4963
4963
4962
4961
4960
4959
4956
4956
4956
4955
4954
4953
4952
4952
4949
4948
4947
4947
4945
4943
4943
4942
4939
4936
4935
4935
4934
4934
4934
4934
4934
4933
4933
4932
4930
4929
4928
4927
4926
4926
4925
4924
4924
4923
4923
4922
4920
4919
4919
4918
4918
4917
4916
4916
4915
4913
4912
4911
4911
4910
4906
4905
4905
4900
4898
4898
4896
4896
4896
4896
4895
4893
4893
4892
4892
4892
4891
4889
4888
4888
4887
4887
4886
4885
4884
4884
4883
4879
4878
4877
4877
4875
4875
4874
4874
4874
4873
4871
4870
4869
4868
4866
4865
4864
4862
4862
4861
4860
4858
4858
4858
4858
4857
4857
4856
4856
4856
4856
4854
4853
4852
4852
4848
4846
4845
4845
4844
4844
4843
4843
4843
4843
4842
4839
4839
4837
4836
4836
4835
4835
4835
4834
4834
4832
4832
4831
4830
4829
4829
4829
4828
4827
4826
4826
4825
4824
4824
4822
4822
4821
4820
4819
4818
4818
4818
4815
4814
4810
4809
4802
4802
4801
4801
4801
4801
4800
4800
4799
4793
4792
4791
4789
4789
4789
4787
4785
4783
4782
4781
4781
4779
4779
4777
4777
4776
4773
4773
4772
4772
4771
4771
4768
4768
4767
4767
4763
4760
4759
4758
4757
4756
4755
4755
4754
4754
4754
4753
4752
4751
4748
4746
4744
4740
4739
4739
4737
4732
4729
4727
4726
4724
4724
4724
4723
4722
4722
4721
4720
4720
4719
4717
4717
4717
4716
4716
4715
4715
4715
4714
4714
4713
4710
4709
4708
4708
4707
4705
4704
4703
4703
4702
4701
4701
4700
4700
4699
4698
4695
4695
4694
4691
4690
4689
4688
4687
4687
4687
4685
4685
4683
4681
4678
4678
4676
4674
4672
4672
4669
4668
4668
4666
4666
4662
4661
4659
4658
4655
4655
4654
4652
4649
4648
4648
4647
4645
4644
4643
4642
4642
4641
4641
4641
4639
4639
4639
4638
4637
4637
4636
4632
4631
4629
4627
4624
4621
4621
4621
4620
4619
4619
4617
4616
4614
4613
4612
4609
4606
4605
4604
4603
4602
4602
4602
4601
4599
4597
4597
4596
4596
4596
4595
4591
4591
4589
4589
4588
4587
4586
4584
4584
4582
4581
4581
4580
4579
4579
4577
4576
4575
4575
4573
4572
4572
4572
4572
4570
4570
4568
4568
4568
4567
4564
4563
4561
4561
4558
4557
4556
4555
4554
4553
4553
4552
4552
4551
4550
4550
4547
4545
4544
4544
4543
4543
4541
4541
4541
4539
4538
4537
4536
4536
4535
4535
4535
4533
4533
4532
4532
4532
4531
4529
4529
4526
4522
4520
4520
4519
4517
4517
4516
4513
4512
4512
4510
4508
4507
4506
4505
4501
4499
4497
4496
4495
4495
4495
4494
4494
4493
4493
4491
4489
4488
4487
4487
4486
4485
4484
4484
4481
4480
4479
4477
4476
4474
4473
4472
4471
4471
4468
4467
4467
4466
4465
4465
4464
4464
4459
4459
4459
4459
4458
4457
4455
4455
4455
4454
4454
4453
4452
4451
4451
4450
4450
4450
4449
4447
4445
4445
4444
4444
4443
4441
4440
4440
4439
4439
4438
4438
4437
4437
4436
4436
4435
4435
4435
4435
4434
4433
4431
4431
4430
4428
4426
4426
4421
4421
4417
4417
4415
4415
4412
4409
4409
4408
4408
4407
4407
4406
4406
4405
4404
4404
4403
4399
4399
4399
4398
4397
4396
4395
4394
4392
4391
4389
4388
4388
4387
4387
4386
4385
4383
4382
4381
4380
4379
4379
4379
4378
4374
4374
4374
4373
4373
4372
4371
4371
4367
4367
4365
4363
4362
4361
4361
4360
4360
4359
4358
4357
4356
4356
4356
4355
4353
4350
4348
4347
4347
4346
4346
4344
4344
4343
4343
4343
4340
4340
4338
4336
4335
4332
4331
4329
4328
4328
4327
4327
4326
4326
4325
4325
4325
4325
4322
4321
4320
4320
4319
4316
4313
4310
4310
4309
4308
4308
4307
4306
4306
4305
4304
4304
4303
4303
4303
4301
4301
4301
4300
4298
4295
4294
4293
4293
4292
4291
4291
4289
4288
4288
4287
4286
4284
4283
4282
4281
4280
4280
4278
4276
4273
4272
4272
4270
4270
4270
4267
4267
4267
4266
4264
4262
4259
4258
4257
4257
4257
4256
4256
4255
4255
4254
4254
4253
4252
4250
4246
4245
4245
4244
4244
4243
4242
4242
4241
4241
4240
4240
4238
4238
4236
4236
4236
4235
4235
4234
4233
4230
4229
4228
4228
4227
4227
4226
4226
4225
4225
4224
4221
4219
4219
4219
4219
4218
4217
4216
4214
4213
4212
4209
4207
4207
4206
4203
4203
4201
4200
4198
4197
4195
4195
4194
4189
4189
4188
4187
4187
4185
4185
4184
4183
4183
4183
4182
4182
4182
4182
4182
4182
4182
4181
4179
4179
4177
4176
4176
4176
4176
4175
4174
4174
4173
4171
4171
4171
4169
4168
4167
4167
4166
4166
4164
4164
4163
4163
4163
4163
4162
4162
4161
4161
4159
4157
4157
4156
4153
4149
4147
4146
4146
4142
4140
4139
4139
4138
4138
4135
4135
4134
4134
4133
4133
4133
4131
4130
4128
4128
4127
4125
4123
4123
4122
4122
4121
4120
4120
4119
4119
4119
4117
4117
4116
4115
4113
4113
4112
4111
4110
4109
4109
4108
4106
4106
4106
4105
4105
4105
4104
4102
4100
4100
4099
4098
4097
4092
4090
4090
4090
4087
4086
4086
4084
4083
4080
4080
4079
4078
4078
4076
4074
4073
4072
4069
4068
4068
4068
4066
4066
4066
4066
4064
4064
4063
4061
4060
4058
4057
4055
4053
4052
4051
4051
4051
4050
4050
4048
4044
4044
4042
4042
4041
4040
4036
4035
4035
4034
4034
4030
4030
4029
4027
4026
4026
4024
4022
4021
4021
4019
4018
4017
4016
4016
4015
4015
4014
4013
4013
4008
4008
4008
4007
4006
4006
4005
4003
4001
4001
4000
3999
3998
3996
3996
3995
3995
3995
3994
3993
3992
3991
3991
3991
3990
3989
3988
3987
3987
3986
3984
3983
3983
3983
3982
3981
3980
3978
3976
3976
3976
3973
3973
3972
3972
3971
3969
3969
3968
3966
3966
3965
3964
3964
3963
3963
3963
3960
3959
3959
3956
3956
3956
3955
3955
3954
3954
3953
3952
3948
3948
3947
3946
3946
3945
3945
3943
3943
3943
3943
3943
3942
3942
3942
3942
3940
3940
3940
3939
3939
3938
3933
3933
3933
3932
3932
3931
3930
3926
3926
3925
3925
3924
3922
3921
3921
3919
3917
3916
3915
3915
3912
3911
3910
3910
3910
3909
3908
3907
3906
3903
3902
3902
3899
3898
3898
3897
3895
3894
3894
3885
3883
3882
3882
3880
3878
3877
3875
3875
3873
3873
3872
3869
3868
3868
3868
3866
3866
3866
3863
3862
3861
3860
3860
3860
3859
3859
3859
3858
3857
3855
3853
3853
3848
3847
3844
3844
3843
3843
3842
3841
3839
3839
3838
3836
3836
3832
3832
3830
3830
3829
3829
3828
3826
3825
3822
3820
3820
3819
3816
3816
3815
3815
3813
3812
3812
3811
3807
3807
3804
3803
3803
3803
3800
3794
3793
3793
3790
3790
3789
3788
3788
3787
3786
3786
3786
3785
3785
3784
3782
3780
3779
3779
3778
3777
3777
3777
3776
3776
3776
3775
3775
3775
3770
3770
3769
3769
3765
3764
3763
3762
3760
3758
3757
3756
3756
3754
3753
3751
3748
3747
3747
3747
3746
3746
3746
3745
3744
3742
3741
3740
3740
3740
3740
3739
3738
3736
3735
3734
3733
3731
3731
3729
3729
3728
3728
3727
3727
3726
3726
3722
3720
3717
3717
3715
3715
3713
3713
3711
3711
3710
3710
3709
3709
3708
3707
3707
3705
3702
3702
3700
3700
3699
3698
3697
3696
3695
3695
3692
3691
3690
3687
3687
3687
3687
3686
3686
3685
3683
3682
3680
3678
3678
3678
3677
3677
3675
3674
3674
3673
3667
3664
3664
3661
3657
3655
3653
3652
3651
3651
3650
3650
3649
3648
3646
3644
3643
3642
3641
3640
3639
3639
3636
3636
3634
3634
3633
3633
3633
3633
3633
3632
3632
3631
3630
3629
3629
3628
3623
3622
3622
3621
3621
3621
3620
3619
3617
3615
3615
3612
3610
3609
3609
3609
3609
3608
3607
3606
3605
3605
3605
3604
3604
3603
3602
3601
3600
3597
3595
3594
3593
3589
3587
3586
3585
3584
3584
3584
3583
3582
3580
3579
3577
3577
3576
3576
3573
3572
3571
3571
3571
3570
3570
3569
3568
3567
3563
3559
3558
3557
3556
3555
3553
3552
3549
3548
3544
3544
3543
3542
3541
3540
3540
3539
3539
3538
3538
3536
3536
3533
3533
3533
3532
3532
3531
3530
3529
3529
3528
3527
3527
3526
3525
3524
3523
3523
3523
3523
3520
3519
3519
3518
3515
3513
3512
3512
3512
3510
3510
3510
3508
3508
3507
3506
3506
3504
3504
3504
3503
3503
3501
3501
3498
3495
3494
3494
3493
3490
3489
3488
3488
3485
3485
3484
3484
3480
3479
3476
3473
3470
3470
3469
3468
3467
3467
3466
3466
3466
3465
3465
3465
3462
3462
3461
3459
3458
3455
3455
3454
3454
3452
3452
3451
3450
3449
3449
3448
3448
3448
3446
3445
3444
3444
3443
3441
3440
3440
3439
3438
3437
3436
3436
3434
3433
3432
3431
3427
3426
3425
3425
3424
3424
3423
3423
3420
3417
3416
3416
3414
3413
3412
3409
3408
3408
3407
3407
3407
3407
3406
3405
3403
3403
3403
3402
3400
3399
3398
3393
3393
3392
3392
3392
3391
3390
3389
3389
3385
3384
3381
3381
3381
3378
3378
3378
3377
3377
3377
3376
3376
3374
3373
3372
3371
3370
3370
3370
3369
3368
3365
3363
3363
3362
3362
3358
3357
3357
3356
3356
3354
3354
3354
3353
3352
3348
3348
3347
3346
3345
3345
3345
3345
3344
3344
3344
3342
3342
3341
3341
3340
3340
3338
3336
3332
3332
3332
3331
3331
3331
3330
3330
3329
3327
3327
3326
3325
3325
3324
3324
3321
3320
3320
3319
3318
3317
3315
3313
3313
3311
3310
3305
3302
3300
3299
3299
3298
3297
3296
3296
3295
3294
3292
3292
3291
3289
3287
3285
3284
3284
3284
3283
3281
3279
3279
3279
3278
3277
3276
3275
3275
3273
3270
3270
3270
3269
3268
3267
3267
3266
3266
3266
3263
3263
3262
3260
3259
3259
3256
3256
3255
3254
3252
3252
3251
3250
3248
3245
3245
3243
3241
3241
3240
3240
3240
3239
3237
3236
3235
3235
3234
3232
3232
3232
3231
3231
3228
3226
3225
3224
3222
3222
3221
3220
3220
3218
3218
3217
3216
3215
3214
3213
3213
3213
3212
3212
3211
3211
3211
3210
3206
3206
3205
3202
3201
3201
3198
3198
3192
3192
3191
3190
3189
3188
3188
3188
3187
3185
3184
3184
3183
3182
3182
3181
3178
3176
3176
3175
3174
3174
3171
3167
3167
3166
3166
3164
3164
3163
3163
3162
3159
3157
3157
3155
3154
3152
3150
3150
3149
3149
3148
3146
3146
3145
3145
3144
3143
3140
3139
3136
3135
3134
3132
3132
3131
3130
3128
3128
3128
3127
3126
3126
3125
3124
3121
3119
3119
3119
3117
3117
3115
3114
3114
3111
3110
3109
3108
3107
3105
3103
3102
3101
3101
3100
3100
3098
3098
3098
3095
3095
3094
3094
3093
3093
3092
3086
3086
3085
3084
3081
3080
3079
3078
3077
3076
3076
3076
3074
3073
3070
3068
3067
3067
3067
3065
3065
3065
3064
3064
3063
3063
3062
3061
3060
3059
3059
3058
3056
3052
3050
3050
3048
3046
3046
3045
3043
3043
3042
3041
3039
3037
3037
3036
3034
3032
3031
3031
3030
3029
3028
3026
3025
3025
3024
3023
3022
3022
3022
3021
3021
3020
3020
3019
3018
3018
3017
3015
3012
3011
3011
3011
3010
3008
3008
3008
3006
3006
3005
3004
3004
3002
3001
3001
3000
3000
2998
2997
2997
2995
2995
2995
2993
2992
2992
2991
2991
2990
2988
2988
2985
2983
2982
2982
2981
2979
2978
2976
2976
2976
2976
2976
2974
2973
2968
2966
2966
2966
2963
2962
2962
2960
2960
2958
2957
2957
2956
2955
2955
2955
2955
2954
2953
2952
2952
2948
2948
2948
2947
2946
2946
2946
2943
2942
2942
2942
2942
2940
2940
2939
2939
2939
2936
2936
2936
2933
2931
2930
2929
2929
2928
2928
2928
2924
2924
2923
2923
2923
2923
2922
2922
2922
2921
2921
2920
2920
2919
2919
2918
2917
2917
2916
2915
2914
2912
2912
2912
2908
2908
2907
2906
2904
2904
2903
2903
2901
2899
2898
2898
2897
2896
2896
2894
2892
2890
2890
2889
2889
2888
2885
2885
2883
2883
2883
2881
2880
2879
2878
2876
2876
2875
2873
2872
2871
2864
2864
2863
2863
2862
2861
2860
2859
2859
2858
2858
2857
2857
2857
2855
2854
2852
2852
2851
2851
2850
2850
2849
2848
2847
2847
2846
2845
2843
2842
2841
2840
2840
2839
2839
2838
2838
2838
2836
2835
2834
2834
2833
2833
2833
2833
2832
2832
2831
2828
2825
2825
2824
2822
2822
2821
2821
2821
2819
2818
2817
2817
2817
2817
2817
2817
2815
2814
2813
2811
2809
2808
2808
2807
2806
2805
2804
2801
2800
2800
2799
2799
2799
2799
2798
2798
2797
2797
2794
2793
2793
2793
2792
2792
2789
2789
2787
2787
2786
2785
2784
2783
2782
2781
2781
2778
2778
2777
2776
2775
2775
2774
2773
2773
2771
2770
2768
2767
2767
2766
2764
2764
2763
2762
2761
2757
2757
2757
2757
2756
2756
2755
2755
2753
2752
2752
2752
2751
2751
2751
2750
2750
2750
2748
2748
2747
2746
2746
2745
2744
2743
2743
2742
2741
2740
2739
2738
2735
2734
2733
2729
2729
2729
2724
2723
2722
2720
2719
2717
2717
2716
2714
2712
2710
2710
2710
2710
2708
2707
2703
2703
2703
2701
2701
2701
2701
2699
2698
2697
2696
2696
2694
2694
2693
2692
2692
2690
2688
2688
2685
2685
2684
2684
2682
2680
2680
2679
2679
2675
2674
2673
2673
2671
2669
2667
2666
2665
2665
2664
2663
2663
2661
2659
2658
2657
2653
2651
2651
2649
2648
2647
2647
2646
2645
2645
2645
2643
2643
2642
2642
2638
2637
2637
2635
2633
2633
2633
2632
2630
2627
2624
2622
2622
2622
2622
2621
2620
2617
2617
2615
2613
2612
2612
2610
2610
2609
2604
2604
2603
2602
2601
2599
2599
2598
2597
2596
2596
2595
2592
2592
2592
2590
2588
2585
2584
2579
2577
2576
2574
2574
2574
2572
2572
2572
2570
2569
2568
2568
2568
2567
2566
2564
2564
2563
2562
2562
2561
2560
2560
2560
2556
2555
2555
2552
2551
2549
2547
2546
2545
2545
2542
2542
2542
2542
2540
2539
2539
2539
2538
2537
2536
2534
2534
2532
2532
2530
2530
2528
2528
2527
2527
2526
2526
2524
2524
2523
2522
2520
2520
2519
2518
2516
2515
2514
2513
2512
2511
2511
2508
2508
2507
2505
2505
2503
2501
2500
2499
2498
2497
2496
2496
2494
2494
2493
2492
2491
2491
2489
2488
2488
2488
2486
2485
2484
2483
2483
2482
2481
2479
2478
2472
2471
2470
2465
2464
2464
2464
2460
2460
2458
2455
2454
2454
2454
2453
2453
2450
2449
2449
2446
2445
2444
2442
2440
2440
2438
2438
2436
2435
2435
2434
2433
2432
2432
2431
2430
2430
2429
2429
2428
2427
2426
2424
2423
2421
2420
2420
2420
2418
2417
2417
2416
2416
2414
2412
2411
2411
2409
2408
2408
2406
2405
2404
2402
2402
2402
2400
2400
2400
2398
2397
2397
2397
2397
2396
2396
2395
2394
2394
2394
2392
2392
2390
2388
2385
2385
2384
2384
2384
2384
2383
2383
2382
2381
2379
2379
2378
2377
2377
2377
2377
2372
2370
2370
2370
2370
2367
2367
2366
2365
2364
2363
2362
2362
2360
2357
2356
2356
2355
2354
2352
2352
2352
2351
2351
2350
2350
2347
2346
2345
2341
2341
2340
2337
2336
2336
2335
2335
2335
2334
2333
2332
2331
2330
2328
2328
2327
2325
2322
2321
2320
2319
2319
2318
2318
2318
2316
2313
2312
2311
2308
2308
2307
2307
2306
2304
2302
2301
2301
2299
2298
2297
2297
2296
2294
2294
2292
2292
2292
2291
2291
2290
2289
2288
2287
2285
2284
2283
2282
2282
2280
2279
2276
2274
2274
2274
2273
2273
2272
2272
2272
2271
2271
2269
2268
2267
2267
2266
2266
2266
2265
2265
2265
2265
2260
2259
2258
2257
2254
2254
2254
2251
2251
2250
2250
2250
2249
2249
2246
2246
2243
2243
2240
2238
2235
2234
2234
2233
2232
2231
2231
2229
2229
2228
2228
2228
2227
2227
2226
2226
2225
2224
2222
2222
2221
2220
2219
2218
2218
2217
2216
2215
2214
2213
2213
2212
2210
2209
2207
2207
2206
2205
2204
2204
2204
2204
2203
2203
2203
2201
2201
2200
2198
2198
2197
2197
2194
2192
2191
2191
2190
2190
2189
2187
2185
2184
2183
2182
2182
2182
2182
2181
2181
2180
2179
2178
2178
2178
2177
2177
2176
2175
2174
2174
2174
2173
2173
2173
2171
2168
2168
2168
2166
2166
2166
2166
2165
2165
2162
2161
2160
2160
2160
2155
2153
2153
2151
2150
2150
2150
2149
2149
2148
2148
2148
2145
2145
2145
2145
2141
2139
2137
2137
2137
2136
2135
2134
2134
2133
2132
2131
2131
2129
2128
2127
2127
2125
2123
2123
2123
2122
2120
2118
2116
2113
2111
2108
2106
2105
2103
2102
2097
2097
2097
2096
2096
2094
2093
2092
2091
2090
2089
2089
2089
2088
2087
2085
2085
2084
2082
2079
2079
2078
2076
2072
2069
2068
2067
2066
2065
2065
2065
2064
2063
2062
2061
2061
2061
2059
2059
2058
2055
2054
2054
2053
2052
2051
2050
2048
2047
2045
2045
2045
2044
2043
2042
2041
2040
2039
2039
2038
2037
2037
2037
2037
2036
2035
2032
2032
2029
2029
2027
2027
2027
2026
2024
2024
2024
2018
2018
2015
2015
2012
2011
2010
2007
2007
2006
2005
2005
2005
2004
2004
2002
2001
2001
2001
1997
1997
1996
1995
1994
1994
1994
1993
1993
1991
1991
1991
1990
1988
1988
1988
1987
1987
1987
1986
1986
1984
1984
1983
1983
1983
1981
1981
1981
1977
1975
1975
1974
1974
1973
1972
1970
1968
1968
1966
1965
1957
1956
1956
1956
1954
1953
1953
1952
1950
1950
1949
1948
1946
1945
1944
1943
1941
1939
1939
1939
1938
1937
1936
1935
1935
1933
1932
1932
1930
1929
1928
1928
1928
1927
1927
1925
1923
1923
1923
1921
1921
1920
1919
1919
1918
1918
1917
1916
1914
1914
1912
1910
1909
1909
1908
1907
1907
1907
1906
1905
1905
1905
1904
1903
1903
1903
1902
1902
1902
1902
1901
1899
1899
1898
1898
1897
1896
1895
1894
1888
1886
1885
1884
1884
1880
1879
1879
1879
1878
1876
1874
1874
1873
1871
1871
1871
1867
1867
1867
1864
1863
1862
1861
1861
1860
1860
1859
1859
1858
1857
1857
1856
1853
1853
1852
1850
1849
1848
1848
1848
1848
1847
1846
1844
1844
1843
1842
1841
1840
1839
1839
1838
1837
1837
1835
1835
1834
1834
1833
1833
1831
1830
1828
1827
1825
1824
1824
1823
1823
1823
1823
1822
1821
1821
1820
1820
1820
1819
1819
1817
1816
1815
1815
1813
1812
1812
1811
1810
1810
1810
1809
1809
1809
1809
1809
1807
1805
1804
1801
1800
1798
1797
1797
1797
1797
1793
1792
1791
1790
1788
1788
1787
1787
1786
1785
1783
1781
1781
1780
1780
1780
1780
1779
1778
1778
1775
1774
1772
1772
1768
1768
1766
1765
1765
1763
1761
1761
1760
1758
1756
1754
1752
1752
1752
1751
1749
1746
1746
1745
1744
1744
1744
1744
1742
1739
1737
1736
1735
1735
1735
1735
1734
1732
1732
1732
1730
1729
1725
1725
1725
1725
1724
1722
1718
1717
1716
1714
1714
1713
1712
1712
1712
1711
1710
1708
1706
1706
1705
1705
1701
1701
1700
1699
1699
1698
1696
1695
1694
1693
1692
1690
1689
1689
1688
1685
1684
1682
1680
1679
1678
1677
1676
1675
1674
1673
1673
1671
1667
1667
1665
1664
1664
1664
1662
1662
1662
1661
1658
1657
1655
1655
1654
1653
1653
1653
1651
1650
1648
1647
1647
1646
1645
1645
1645
1645
1643
1643
1643
1642
1641
1640
1639
1635
1635
1634
1633
1631
1631
1630
1630
1627
1626
1624
1624
1621
1620
1620
1619
1617
1614
1613
1613
1612
1612
1609
1608
1608
1608
1607
1607
1605
1605
1604
1604
1603
1601
1601
1601
1600
1599
1597
1596
1596
1595
1594
1593
1592
1591
1589
1588
1587
1587
1587
1587
1586
1586
1585
1585
1585
1585
1585
1583
1583
1581
1580
1578
1576
1573
1573
1569
1568
1567
1565
1564
1564
1562
1562
1560
1557
1557
1556
1554
1554
1554
1553
1552
1551
1551
1547
1546
1544
1540
1539
1539
1538
1537
1537
1535
1533
1532
1530
1529
1529
1528
1528
1527
1527
1525
1525
1524
1523
1520
1518
1512
1512
1512
1511
1511
1511
1507
1506
1506
1504
1503
1503
1500
1499
1497
1497
1494
1494
1490
1489
1489
1485
1483
1481
1478
1478
1478
1478
1478
1474
1474
1473
1472
1472
1469
1469
1467
1465
1461
1461
1457
1455
1454
1453
1452
1451
1449
1448
1448
1446
1446
1446
1444
1443
1441
1441
1440
1439
1437
1437
1436
1435
1435
1432
1431
1430
1430
1429
1423
1423
1422
1416
1414
1413
1413
1413
1412
1411
1407
1407
1406
1406
1405
1404
1403
1403
1402
1401
1400
1398
1396
1396
1396
1396
1394
1393
1392
1391
1390
1389
1389
1389
1389
1388
1387
1386
1386
1385
1383
1383
1381
1380
1380
1378
1378
1378
1378
1378
1377
1377
1376
1375
1375
1374
1373
1372
1370
1370
1369
1367
1364
1363
1363
1363
1361
1361
1360
1359
1357
1357
1356
1356
1354
1353
1352
1352
1350
1350
1349
1348
1348
1346
1345
1345
1345
1343
1342
1342
1341
1340
1337
1336
1334
1333
1333
1330
1328
1326
1326
1325
1324
1323
1323
1322
1320
1319
1319
1316
1313
1312
1310
1310
1309
1309
1308
1305
1304
1303
1303
1302
1301
1300
1300
1299
1298
1298
1298
1297
1296
1295
1295
1294
1292
1289
1289
1287
1287
1285
1285
1282
1281
1280
1279
1279
1278
1277
1275
1273
1272
1271
1271
1271
1270
1269
1267
1266
1264
1263
1261
1261
1261
1260
1260
1260
1259
1259
1256
1256
1255
1254
1254
1253
1252
1252
1252
1251
1251
1245
1244
1244
1244
1244
1242
1242
1240
1239
1238
1238
1237
1236
1236
1235
1235
1233
1233
1231
1229
1228
1226
1225
1224
1223
1222
1221
1221
1221
1221
1220
1220
1219
1219
1218
1218
1218
1216
1216
1215
1215
1213
1213
1212
1212
1211
1209
1208
1208
1207
1206
1206
1205
1205
1205
1203
1203
1200
1200
1200
1199
1198
1198
1197
1195
1195
1194
1193
1192
1191
1190
1190
1190
1189
1189
1188
1186
1185
1184
1184
1183
1183
1182
1181
1179
1179
1175
1174
1172
1172
1171
1171
1169
1168
1165
1165
1164
1164
1163
1162
1158
1154
1153
1152
1152
1150
1148
1147
1145
1142
1140
1140
1139
1139
1137
1136
1136
1135
1135
1134
1132
1132
1131
1130
1130
1129
1129
1129
1128
1126
1125
1125
1124
1123
1122
1121
1120
1119
1119
1117
1117
1117
1116
1113
1111
1110
1109
1109
1108
1107
1107
1107
1107
1107
1105
1105
1099
1097
1095
1094
1093
1093
1092
1091
1090
1089
1089
1088
1086
1083
1083
1082
1082
1081
1079
1079
1078
1076
1075
1069
1069
1069
1068
1068
1068
1064
1063
1062
1060
1058
1057
1056
1055
1054
1053
1053
1052
1052
1052
1050
1047
1045
1044
1043
1041
1040
1040
1039
1039
1038
1038
1037
1035
1034
1034
1034
1034
1034
1031
1030
1029
1029
1028
1028
1027
1027
1027
1026
1024
1023
1023
1019
1018
1017
1017
1016
1013
1012
1010
1010
1008
1008
1007
1006
1005
1005
1005
1004
1004
1004
1002
1002
1002
1001
999
998
996
995
995
994
992
991
991
991
990
988
988
987
987
987
986
983
982
981
979
979
979
977
976
976
976
975
974
969
969
964
962
961
960
959
959
957
956
956
955
954
949
949
947
943
941
940
939
939
939
937
935
935
935
933
932
931
930
930
929
927
926
925
925
922
921
920
919
918
916
916
916
915
915
914
913
913
911
910
908
906
906
905
904
903
900
899
899
898
898
898
897
897
896
896
895
895
893
892
890
890
886
886
885
885
882
882
879
879
878
877
875
875
873
873
870
868
866
866
865
862
862
862
861
860
858
857
857
855
855
853
852
852
849
849
848
846
846
844
843
842
841
840
840
839
835
834
834
833
831
831
830
829
829
825
825
824
824
823
820
819
819
817
817
816
814
809
808
805
804
803
803
802
802
802
800
797
797
795
795
794
793
792
789
788
786
786
786
785
784
781
781
778
778
777
776
774
774
774
773
772
771
771
770
769
768
767
767
767
765
765
764
764
763
763
762
762
761
761
760
760
756
756
756
755
754
751
750
749
749
748
747
746
745
741
741
740
739
739
738
738
738
737
737
737
734
734
733
733
733
733
733
732
730
730
730
730
727
727
725
725
724
722
721
721
721
721
720
718
717
716
715
715
714
714
713
711
711
711
711
710
709
709
709
709
707
706
703
703
702
701
701
700
700
700
699
699
698
698
697
697
696
695
694
694
693
693
692
690
690
690
681
680
680
679
679
678
676
673
673
672
672
672
670
670
668
667
667
666
666
666
665
665
663
663
661
661
661
660
659
658
656
656
653
653
653
652
652
650
650
649
649
648
648
648
648
646
646
642
642
639
639
638
636
635
634
632
631
628
626
626
625
624
624
624
624
623
622
621
619
619
619
619
618
616
616
615
613
613
613
613
611
610
610
610
606
606
605
605
604
602
602
601
601
600
599
596
594
594
594
593
592
591
591
590
589
588
587
586
582
582
582
582
582
580
578
577
575
574
573
573
573
570
569
568
568
565
564
563
561
561
560
559
559
558
558
558
557
555
554
553
553
552
552
551
551
549
547
547
545
545
543
543
543
541
541
540
539
538
537
536
535
533
533
527
525
523
523
522
521
519
517
516
516
515
515
514
514
514
513
512
510
509
508
506
506
503
503
503
503
502
502
502
502
502
502
501
500
499
499
497
496
495
494
494
493
490
488
487
485
483
482
482
480
480
478
476
475
475
475
475
473
473
471
470
470
469
469
468
468
466
466
465
465
464
463
463
462
461
461
460
459
459
459
456
454
451
450
450
448
448
447
447
445
443
443
443
442
440
438
438
437
437
436
428
425
423
422
422
421
420
420
419
417
416
416
416
416
415
413
410
409
408
405
405
405
404
403
399
396
395
394
393
393
393
392
392
391
390
388
387
387
386
385
385
383
382
381
381
381
379
377
375
374
374
373
373
372
370
370
369
368
368
367
366
365
365
363
363
363
361
360
359
359
359
358
356
356
355
354
354
353
353
352
352
351
349
349
349
348
348
347
346
346
343
343
342
341
340
340
338
338
338
336
336
336
335
334
332
332
331
331
331
328
328
327
327
318
317
316
313
312
309
309
308
306
305
305
305
305
301
300
300
300
298
296
292
292
291
290
289
287
286
285
284
283
282
281
281
279
279
278
277
277
276
274
274
273
271
271
270
268
265
265
264
264
262
261
261
261
260
260
259
259
257
256
254
253
252
250
250
248
246
245
245
243
243
243
242
239
237
237
237
236
233
233
232
230
230
230
230
229
226
226
225
223
222
220
220
220
219
218
217
217
215
215
215
214
213
212
211
211
208
201
201
200
198
196
195
194
193
191
191
190
186
186
186
185
184
184
182
182
180
180
179
178
178
177
176
176
173
172
172
171
168
167
166
165
164
164
162
160
160
157
157
156
156
156
155
155
155
154
152
151
149
149
147
147
146
146
144
144
143
143
142
141
140
140
139
137
137
137
137
136
136
134
133
133
132
130
130
129
128
126
126
125
125
125
125
123
122
122
121
117
117
116
115
113
113
112
112
111
109
108
107
105
105
103
103
101
101
101
97
97
95
95
94
92
91
90
90
89
89
89
88
88
87
87
87
86
85
84
84
83
83
82
81
81
80
80
79
76
75
75
75
74
74
73
73
73
72
71
69
67
67
66
63
63
62
61
61
60
59
56
55
54
54
52
51
50
49
49
48
48
44
44
43
41
41
41
40
39
39
38
38
38
37
35
34
33
32
31
29
28
27
26
26
26
25
24
24
23
21
20
20
19
19
18
17
17
16
14
13
13
13
12
12
10
9
9
8
7
6
6
5
4
4
1
0
0
0
